220
53 0 0.5
77 0 0.5
72 0.5 0.5
57 1 0.5
69 1 0.5
67 1.5 0.5
60 2 0.5
69 2 0.5
72 2.5 0.5
57 3 0.5
65 3 0.5
69 3.5 0.5
53 4 0.5
72 4 0.5
75 4.5 0.5
57 5 0.5
74 5 0.5
72 5.5 0.5
58 6 0.5
74 6 0.5
70 6.5 0.5
62 7 0.5
65 7 0.5
64 7.5 0.5
58 8 0.5
65 8 0.5
70 8.5 0.5
41 9 2
62 9 0.5
65 9.5 0.5
69 10 0.5
72 10.5 0.5
70 11 0.5
69 11.5 0.5
53 12 0.5
70 12 0.5
67 12.5 0.5
55 13 0.5
64 13 0.5
62 13.5 0.5
58 14 0.5
64 14 0.5
67 14.5 0.5
55 15 0.5
60 15 0.5
64 15.5 0.5
52 16 0.5
67 16 0.5
70 16.5 0.5
48 17 0.5
69 17 0.5
67 17.5 0.5
53 18 0.5
69 18 0.5
67 18.5 0.5
57 19 0.5
65 19 0.5
64 19.5 0.5
53 20 0.5
65 20 0.5
69 20.5 0.5
41 21 2
60 21 0.5
64 21.5 0.5
65 22 0.5
69 22.5 0.5
67 23 0.5
65 23.5 0.5
53 24 0.5
72 24 0.333333
71 24.3333 0.333333
50 24.5 0.5
72 24.6667 0.333333
71 25 0.333333
47 25 0.5
72 25.3333 0.333333
45 25.5 0.5
71 25.6667 0.333333
72 26 0.333333
47 26 0.5
71 26.3333 0.333333
50 26.5 0.5
72 26.6667 0.333333
71 27 0.333333
43 27 0.5
72 27.3333 0.333333
47 27.5 0.5
71 27.6667 0.333333
72 28 0.333333
50 28 0.5
71 28.3333 0.333333
53 28.5 0.5
72 28.6667 0.333333
71 29 0.333333
52 29 0.5
72 29.3333 0.333333
50 29.5 0.5
71 29.6667 0.333333
53 30 0.333333
72 30 0.5
52 30.3333 0.333333
67 30.5 0.5
53 30.6667 0.333333
52 31 0.333333
64 31 0.5
53 31.3333 0.333333
62 31.5 0.5
52 31.6667 0.333333
53 32 0.333333
64 32 0.5
52 32.3333 0.333333
67 32.5 0.5
53 32.6667 0.333333
52 33 0.333333
60 33 0.5
53 33.3333 0.333333
64 33.5 0.5
52 33.6667 0.333333
53 34 0.333333
67 34 0.5
52 34.3333 0.333333
70 34.5 0.5
53 34.6667 0.333333
52 35 0.333333
69 35 0.5
53 35.3333 0.333333
67 35.5 0.5
52 35.6667 0.333333
55 36 0.5
74 36 0.333333
73 36.3333 0.333333
52 36.5 0.5
74 36.6667 0.333333
73 37 0.333333
49 37 0.5
74 37.3333 0.333333
47 37.5 0.5
73 37.6667 0.333333
74 38 0.333333
49 38 0.5
73 38.3333 0.333333
52 38.5 0.5
74 38.6667 0.333333
73 39 0.333333
45 39 0.5
74 39.3333 0.333333
49 39.5 0.5
73 39.6667 0.333333
74 40 0.333333
52 40 0.5
73 40.3333 0.333333
55 40.5 0.5
74 40.6667 0.333333
73 41 0.333333
53 41 0.5
74 41.3333 0.333333
52 41.5 0.5
73 41.6667 0.333333
55 42 0.333333
74 42 0.5
53 42.3333 0.333333
69 42.5 0.5
55 42.6667 0.333333
53 43 0.333333
65 43 0.5
55 43.3333 0.333333
64 43.5 0.5
53 43.6667 0.333333
55 44 0.333333
65 44 0.5
53 44.3333 0.333333
69 44.5 0.5
55 44.6667 0.333333
53 45 0.333333
62 45 0.5
55 45.3333 0.333333
65 45.5 0.5
53 45.6667 0.333333
55 46 0.333333
69 46 0.5
53 46.3333 0.333333
72 46.5 0.5
55 46.6667 0.333333
53 47 0.333333
70 47 0.5
55 47.3333 0.333333
69 47.5 0.5
53 47.6667 0.333333
55 48 0.5
70 48 0.5
67 48.5 0.5
58 49 0.5
64 49 0.5
62 49.5 0.5
55 50 0.5
64 50 0.5
67 50.5 0.5
52 51 0.5
60 51 0.5
64 51.5 0.5
48 52 0.5
67 52 0.5
70 52.5 0.5
52 53 0.5
69 53 0.5
67 53.5 0.5
53 54 0.5
69 54 0.5
65 54.5 0.5
57 55 0.5
62 55 0.5
61 55.5 0.5
53 56 0.5
62 56 0.5
65 56.5 0.5
50 57 0.5
58 57 0.5
62 57.5 0.5
46 58 0.5
65 58 0.5
69 58.5 0.5
50 59 0.5
67 59 0.5
65 59.5 0.5
52 60 0.5
67 60 0.5
64 60.5 0.5
55 61 0.5
61 61 0.5
59 61.5 0.5
52 62 0.5
61 62 0.5
64 62.5 0.5
49 63 0.5
57 63 0.5
61 63.5 0.5
45 64 0.5
64 64 0.5
67 64.5 0.5
49 65 0.5
65 65 0.5
64 65.5 0.5
50 66 0.5
65 66 0.5
45 66.5 0.5
41 67 0.5
69 67 0.5
40 67.5 0.5
41 68 0.5
74 68 0.5
45 68.5 0.5
38 69 0.5
69 69 0.5
41 69.5 0.5
45 70 0.5
65 70 0.5
48 70.5 0.5
46 71 0.5
62 71 0.5
45 71.5 0.5
50 72 0.5
67 72 0.5
46 72.5 0.5
43 73 0.5
70 73 0.5
42 73.5 0.5
43 74 0.5
74 74 0.5
46 74.5 0.5
38 75 0.5
70 75 0.5
43 75.5 0.5
46 76 0.5
67 76 0.5
50 76.5 0.5
49 77 0.5
62 77 0.5
47 77.5 0.5
49 78 0.5
67 78 0.5
46 78.5 0.5
43 79 0.5
73 79 0.5
41 79.5 0.5
43 80 0.5
76 80 0.5
46 80.5 0.5
38 81 0.5
73 81 0.5
43 81.5 0.5
49 82 0.5
67 82 0.5
52 82.5 0.5
50 83 0.5
64 83 0.5
49 83.5 0.5
50 84 0.5
74 84 0.5
69 84.5 0.5
53 85 0.5
65 85 0.5
64 85.5 0.5
57 86 0.5
65 86 0.5
69 86.5 0.5
53 87 0.5
62 87 0.5
65 87.5 0.5
50 88 0.5
69 88 0.5
72 88.5 0.5
53 89 0.5
70 89 0.5
69 89.5 0.5
38 90 0.5
77 90 0.5
74 90.5 0.5
41 91 0.5
70 91 0.5
69 91.5 0.5
46 92 0.5
70 92 0.5
74 92.5 0.5
50 93 2
65 93 0.5
70 93.5 0.5
74 94 0.5
77 94.5 0.5
76 95 0.5
74 95.5 0.5
62 96 0.5
81 96 0.333333
80 96.3333 0.333333
59 96.5 0.5
81 96.6667 0.333333
80 97 0.333333
56 97 0.5
81 97.3333 0.333333
54 97.5 0.5
80 97.6667 0.333333
81 98 0.333333
56 98 0.5
80 98.3333 0.333333
59 98.5 0.5
81 98.6667 0.333333
80 99 0.333333
52 99 0.5
81 99.3333 0.333333
56 99.5 0.5
80 99.6667 0.333333
81 100 0.333333
59 100 0.5
80 100.333 0.333333
62 100.5 0.5
81 100.667 0.333333
80 101 0.333333
61 101 0.5
81 101.333 0.333333
59 101.5 0.5
80 101.667 0.333333
62 102 0.333333
81 102 0.5
61 102.333 0.333333
76 102.5 0.5
62 102.667 0.333333
61 103 0.333333
73 103 0.5
62 103.333 0.333333
71 103.5 0.5
61 103.667 0.333333
62 104 0.333333
73 104 0.5
61 104.333 0.333333
76 104.5 0.5
62 104.667 0.333333
61 105 0.333333
69 105 0.5
62 105.333 0.333333
73 105.5 0.5
61 105.667 0.333333
62 106 0.333333
76 106 0.5
61 106.333 0.333333
79 106.5 0.5
62 106.667 0.333333
61 107 0.333333
78 107 0.5
62 107.333 0.333333
76 107.5 0.5
61 107.667 0.333333
60 108 0.5
79 108 0.333333
78 108.333 0.333333
57 108.5 0.5
79 108.667 0.333333
78 109 0.333333
54 109 0.5
79 109.333 0.333333
52 109.5 0.5
78 109.667 0.333333
79 110 0.333333
54 110 0.5
78 110.333 0.333333
57 110.5 0.5
79 110.667 0.333333
78 111 0.333333
50 111 0.5
79 111.333 0.333333
54 111.5 0.5
78 111.667 0.333333
79 112 0.333333
57 112 0.5
78 112.333 0.333333
60 112.5 0.5
79 112.667 0.333333
78 113 0.333333
59 113 0.5
79 113.333 0.333333
57 113.5 0.5
78 113.667 0.333333
60 114 0.333333
79 114 0.5
59 114.333 0.333333
74 114.5 0.5
60 114.667 0.333333
59 115 0.333333
71 115 0.5
60 115.333 0.333333
69 115.5 0.5
59 115.667 0.333333
60 116 0.333333
71 116 0.5
59 116.333 0.333333
74 116.5 0.5
60 116.667 0.333333
59 117 0.333333
67 117 0.5
60 117.333 0.333333
71 117.5 0.5
59 117.667 0.333333
60 118 0.333333
74 118 0.5
59 118.333 0.333333
77 118.5 0.5
60 118.667 0.333333
59 119 0.333333
75 119 0.5
60 119.333 0.333333
74 119.5 0.5
59 119.667 0.333333
60 120 0.5
75 120 0.5
72 120.5 0.5
63 121 0.5
69 121 0.5
67 121.5 0.5
60 122 0.5
69 122 0.5
72 122.5 0.5
57 123 0.5
65 123 0.5
69 123.5 0.5
53 124 0.5
72 124 0.5
75 124.5 0.5
57 125 0.5
74 125 0.5
72 125.5 0.5
58 126 0.5
74 126 0.5
70 126.5 0.5
62 127 0.5
67 127 0.5
65 127.5 0.5
58 128 0.5
67 128 0.5
70 128.5 0.5
55 129 0.5
63 129 0.5
67 129.5 0.5
51 130 0.5
70 130 0.5
74 130.5 0.5
55 131 0.5
72 131 0.5
70 131.5 0.5
57 132 0.5
72 132 0.5
69 132.5 0.5
60 133 0.5
66 133 0.5
64 133.5 0.5
57 134 0.5
66 134 0.5
69 134.5 0.5
54 135 0.5
62 135 0.5
66 135.5 0.5
50 136 0.5
69 136 0.5
72 136.5 0.5
54 137 0.5
70 137 0.5
69 137.5 0.5
55 138 0.5
72 138 0.333333
70 138.333 0.333333
50 138.5 0.5
72 138.667 0.333333
70 139 0.333333
46 139 0.5
72 139.333 0.333333
45 139.5 0.5
70 139.667 0.333333
72 140 0.333333
46 140 0.5
70 140.333 0.333333
50 140.5 0.5
72 140.667 0.333333
70 141 0.333333
43 141 0.5
72 141.333 0.333333
46 141.5 0.5
70 141.667 0.333333
72 142 0.333333
50 142 0.5
70 142.333 0.333333
53 142.5 0.5
72 142.667 0.333333
70 143 0.333333
52 143 0.5
72 143.333 0.333333
50 143.5 0.5
70 143.667 0.333333
72 144 0.333333
48 144 0.5
64 144 6.5
70 144.333 0.333333
43 144.5 0.5
72 144.667 0.333333
70 145 0.333333
40 145 0.5
72 145.333 0.333333
38 145.5 0.5
70 145.667 0.333333
72 146 0.333333
40 146 0.5
70 146.333 0.333333
43 146.5 0.5
72 146.667 0.333333
70 147 0.333333
36 147 0.5
72 147.333 0.333333
43 147.5 0.5
70 147.667 0.333333
72 148 0.333333
48 148 0.5
70 148.333 0.333333
52 148.5 0.5
72 148.667 0.333333
70 149 0.333333
50 149 0.5
72 149.333 0.333333
48 149.5 0.5
70 149.667 0.333333
53 150 0.5
65 150 0.333333
69 150 6.5
63 150.333 0.333333
48 150.5 0.5
65 150.667 0.333333
63 151 0.333333
45 151 0.5
65 151.333 0.333333
43 151.5 0.5
63 151.667 0.333333
65 152 0.333333
45 152 0.5
63 152.333 0.333333
48 152.5 0.5
65 152.667 0.333333
63 153 0.333333
41 153 0.5
65 153.333 0.333333
48 153.5 0.5
63 153.667 0.333333
65 154 0.333333
53 154 0.5
63 154.333 0.333333
57 154.5 0.5
65 154.667 0.333333
63 155 0.333333
55 155 0.5
65 155.333 0.333333
53 155.5 0.5
63 155.667 0.333333
60 156 0.333333
62 156 1
58 156.333 0.333333
69 156.5 0.5
60 156.667 0.333333
58 157 0.333333
65 157 0.5
60 157.333 0.333333
64 157.5 0.5
58 157.667 0.333333
60 158 0.333333
65 158 0.5
58 158.333 0.333333
69 158.5 0.5
60 158.667 0.333333
58 159 0.333333
62 159 0.5
60 159.333 0.333333
65 159.5 0.5
58 159.667 0.333333
60 160 0.333333
69 160 0.5
58 160.333 0.333333
72 160.5 0.5
60 160.667 0.333333
58 161 0.333333
70 161 0.5
60 161.333 0.333333
69 161.5 0.5
58 161.667 0.333333
60 162 0.333333
67 162 0.5
58 162.333 0.333333
74 162.5 0.5
60 162.667 0.333333
58 163 0.333333
70 163 0.5
60 163.333 0.333333
69 163.5 0.5
58 163.667 0.333333
60 164 0.333333
70 164 0.5
58 164.333 0.333333
74 164.5 0.5
60 164.667 0.333333
58 165 0.333333
67 165 0.5
60 165.333 0.333333
70 165.5 0.5
58 165.667 0.333333
60 166 0.333333
74 166 0.5
58 166.333 0.333333
77 166.5 0.5
60 166.667 0.333333
58 167 0.333333
76 167 0.5
60 167.333 0.333333
74 167.5 0.5
58 167.667 0.333333
60 168 0.333333
76 168 0.5
58 168.333 0.333333
79 168.5 0.5
60 168.667 0.333333
58 169 0.333333
76 169 0.5
60 169.333 0.333333
74 169.5 0.5
58 169.667 0.333333
60 170 0.333333
76 170 0.5
58 170.333 0.333333
79 170.5 0.5
60 170.667 0.333333
58 171 0.333333
72 171 0.5
60 171.333 0.333333
76 171.5 0.5
58 171.667 0.333333
60 172 0.333333
79 172 0.5
58 172.333 0.333333
82 172.5 0.5
60 172.667 0.333333
58 173 0.333333
81 173 0.5
60 173.333 0.333333
79 173.5 0.5
58 173.667 0.333333
57 174 0.5
84 174 0.5
81 174.5 0.5
60 175 0.5
77 175 0.5
76 175.5 0.5
57 176 0.5
77 176 0.5
81 176.5 0.5
53 177 0.5
74 177 0.5
77 177.5 0.5
50 178 0.5
81 178 0.5
84 178.5 0.5
53 179 0.5
82 179 0.5
81 179.5 0.5
55 180 0.5
82 180 0.5
79 180.5 0.5
58 181 0.5
76 181 0.5
74 181.5 0.5
55 182 0.5
76 182 0.5
79 182.5 0.5
52 183 0.5
72 183 0.5
76 183.5 0.5
48 184 0.5
79 184 0.5
82 184.5 0.5
52 185 0.5
81 185 0.5
79 185.5 0.5
53 186 0.5
81 186 0.5
48 186.5 0.5
77 186.5 0.5
45 187 0.5
72 187 0.5
43 187.5 0.5
70 187.5 0.5
45 188 0.5
72 188 0.5
48 188.5 0.5
77 188.5 0.5
41 189 0.5
69 189 0.5
45 189.5 0.5
72 189.5 0.5
48 190 0.5
75 190 0.5
51 190.5 0.5
79 190.5 0.5
50 191 0.5
77 191 0.5
48 191.5 0.5
75 191.5 0.5
53 192 0.5
75 192 0.333333
74 192.333 0.333333
50 192.5 0.5
75 192.667 0.333333
46 193 0.5
74 193 2.5
45 193.5 0.5
46 194 0.5
50 194.5 0.5
41 195 0.5
46 195.5 0.5
72 195.5 0.5
50 196 0.5
70 196 0.5
53 196.5 0.5
69 196.5 0.5
52 197 0.5
67 197 0.5
50 197.5 0.5
65 197.5 0.5
52 198 0.5
70 198 1
48 198.5 0.5
46 199 0.5
79 199 1
45 199.5 0.5
46 200 0.5
76 200 1
52 200.5 0.5
43 201 0.5
72 201 1
46 201.5 0.5
52 202 0.5
70 202 1
55 202.5 0.5
53 203 0.5
79 203 1
52 203.5 0.5
53 204 1
69 204 0.5
67 204.5 0.5
45 205 1
65 205 0.5
64 205.5 0.5
50 206 1
65 206 0.5
69 206.5 0.5
48 207 0.25
62 207 0.5
46 207.25 0.25
48 207.5 0.25
65 207.5 0.5
46 207.75 0.25
48 208 0.25
62 208 0.5
46 208.25 0.25
45 208.5 0.25
58 208.5 0.5
46 208.75 0.25
48 209 1
55 209 0.5
64 209.5 0.5
41 210 2
65 210 0.5
58 210.5 0.5
57 211 0.5
55 211.5 0.5
57 212 0.5
60 212.5 0.5
53 213 3
48 213.5 0.5
45 214 0.5
48 214.5 0.5
41 215 1
