100
54 0 4
57 0 0.25
73 0.5 0.5
59 1 0.25
74 1 0.25
73 1.25 0.25
71 1.5 0.25
74 1.75 0.25
57 2 0.25
73 2 0.25
71 2.25 0.25
69 2.5 0.25
73 2.75 0.25
56 3 0.25
71 3 0.25
69 3.25 0.25
68 3.5 0.25
71 3.75 0.25
42 4 0.5
54 4 0.25
69 4 0.25
68 4.25 0.25
54 4.5 0.5
66 4.5 0.25
69 4.75 0.25
57 5 0.25
73 5 0.25
56 5.25 0.25
54 5.5 0.25
81 5.5 0.25
57 5.75 0.25
56 6 0.25
72 6 0.25
54 6.25 0.25
52 6.5 0.25
80 6.5 0.25
56 6.75 0.25
54 7 0.25
68 7 0.25
52 7.25 0.25
51 7.5 0.25
78 7.5 0.25
54 7.75 0.25
52 8 0.25
73 8 0.25
51 8.25 0.25
49 8.5 0.25
76 8.5 0.25
52 8.75 0.25
54 9 0.25
69 9 0.25
68 9.25 0.25
57 9.5 0.25
66 9.5 0.25
69 9.75 0.25
50 10 0.25
71 10 0.25
49 10.25 0.25
47 10.5 0.25
74 10.5 0.25
50 10.75 0.25
52 11 0.25
68 11 0.25
66 11.25 0.25
56 11.5 0.25
64 11.5 0.25
68 11.75 0.25
49 12 0.25
69 12 0.25
47 12.25 0.25
45 12.5 0.25
73 12.5 0.25
49 12.75 0.25
50 13 0.25
71 13 0.25
49 13.25 0.25
73 13.25 0.25
47 13.5 0.25
74 13.5 0.25
50 13.75 0.25
78 13.75 0.25
49 14 0.25
69 14 0.25
47 14.25 0.25
71 14.25 0.25
45 14.5 0.25
73 14.5 0.25
49 14.75 0.25
78 14.75 0.25
47 15 0.25
68 15 0.25
45 15.25 0.25
69 15.25 0.25
44 15.5 0.25
71 15.5 0.25
47 15.75 0.25
77 15.75 0.25
45 16 0.25
66 16 0.25
44 16.25 0.25
42 16.5 0.25
69 16.5 0.25
45 16.75 0.25
50 17 0.25
71 17 0.25
73 17.25 0.25
54 17.5 0.25
74 17.5 0.25
71 17.75 0.25
47 18 0.25
68 18 0.25
45 18.25 0.25
44 18.5 0.25
71 18.5 0.25
47 18.75 0.25
52 19 0.25
73 19 0.25
74 19.25 0.25
56 19.5 0.25
76 19.5 0.25
73 19.75 0.25
49 20 0.25
69 20 0.25
47 20.25 0.25
45 20.5 0.25
73 20.5 0.25
49 20.75 0.25
50 21 0.25
78 21 0.25
52 21.25 0.25
76 21.25 0.25
54 21.5 0.25
74 21.5 0.25
57 21.75 0.25
78 21.75 0.25
49 22 0.25
76 22 0.25
50 22.25 0.25
74 22.25 0.25
52 22.5 0.25
73 22.5 0.25
57 22.75 0.25
76 22.75 0.25
47 23 0.25
74 23 0.25
49 23.25 0.25
73 23.25 0.25
50 23.5 0.25
71 23.5 0.25
56 23.75 0.25
74 23.75 0.25
45 24 0.5
73 24 0.25
71 24.25 0.25
57 24.5 0.25
69 24.5 0.25
59 24.75 0.25
68 24.75 0.25
61 25 0.25
69 25 0.25
59 25.25 0.25
71 25.25 0.25
57 25.5 0.25
73 25.5 0.25
61 25.75 0.25
76 25.75 0.25
59 26 0.25
68 26 0.25
57 26.25 0.25
69 26.25 0.25
56 26.5 0.25
71 26.5 0.25
59 26.75 0.25
76 26.75 0.25
57 27 0.25
66 27 0.25
56 27.25 0.25
68 27.25 0.25
54 27.5 0.25
69 27.5 0.25
57 27.75 0.25
75 27.75 0.25
56 28 0.25
64 28 0.25
54 28.25 0.25
52 28.5 0.25
80 28.5 0.75
56 28.75 0.25
61 29 0.25
76 29.25 0.25
64 29.5 0.25
73 29.5 0.25
72 29.75 0.25
57 30 0.25
73 30 0.25
56 30.25 0.25
54 30.5 0.25
81 30.5 0.75
57 30.75 0.25
63 31 0.25
78 31.25 0.25
66 31.5 0.25
75 31.5 0.25
73 31.75 0.25
56 32 0.25
72 32 0.25
75 32.25 0.25
64 32.5 0.25
80 32.5 0.25
73 32.75 0.25
54 33 0.25
81 33 0.25
80 33.25 0.25
63 33.5 0.25
78 33.5 0.25
81 33.75 0.25
52 34 0.25
80 34 0.25
78 34.25 0.25
61 34.5 0.25
76 34.5 0.25
80 34.75 0.25
51 35 0.25
78 35 0.25
76 35.25 0.25
60 35.5 0.25
75 35.5 0.25
78 35.75 0.25
49 36 0.25
76 36 0.25
75 36.25 0.25
61 36.5 0.25
73 36.5 0.25
76 36.75 0.25
52 37 0.25
80 37 0.25
54 37.25 0.25
56 37.5 0.25
71 37.5 0.25
52 37.75 0.25
54 38 0.25
69 38 0.25
56 38.25 0.25
68 38.25 0.25
57 38.5 0.25
66 38.5 0.25
54 38.75 0.25
69 38.75 0.25
51 39 0.25
78 39 0.25
52 39.25 0.25
54 39.5 0.25
75 39.5 0.25
51 39.75 0.25
56 40 0.25
72 40 0.25
70 40.25 0.25
49 40.5 0.25
68 40.5 0.25
76 40.75 0.25
54 41 0.25
69 41 0.25
68 41.25 0.25
48 41.5 0.25
66 41.5 0.25
75 41.75 0.25
52 42 0.25
68 42 0.25
66 42.25 0.25
49 42.5 0.25
64 42.5 0.25
73 42.75 0.25
51 43 0.25
66 43 0.25
64 43.25 0.25
44 43.5 0.25
63 43.5 0.25
72 43.75 0.25
45 44 0.25
73 44 0.25
72 44.25 0.25
42 44.5 0.25
73 44.5 0.25
78 44.75 0.25
44 45 0.25
76 45 0.125
75 45.125 0.125
42 45.25 0.25
76 45.25 0.125
75 45.375 0.125
44 45.5 0.5
76 45.5 0.125
75 45.625 0.125
73 45.75 0.25
37 46 0.5
73 46 4.5
68 46.5 0.5
54 47 0.5
69 47 0.25
68 47.25 0.25
66 47.5 0.25
69 47.75 0.25
52 48 0.5
68 48 0.25
66 48.25 0.25
64 48.5 0.25
68 48.75 0.25
51 49 0.5
66 49 0.25
64 49.25 0.25
63 49.5 0.25
66 49.75 0.25
49 50 0.25
64 50 0.5
52 50.25 0.25
54 50.5 0.25
56 50.75 0.25
57 51 0.25
66 51 0.25
56 51.25 0.25
68 51.25 0.25
54 51.5 0.25
69 51.5 0.25
57 51.75 0.25
73 51.75 0.25
56 52 0.25
64 52 0.25
54 52.25 0.25
66 52.25 0.25
52 52.5 0.25
68 52.5 0.25
56 52.75 0.25
73 52.75 0.25
54 53 0.25
63 53 0.25
52 53.25 0.25
64 53.25 0.25
51 53.5 0.25
66 53.5 0.25
54 53.75 0.25
72 53.75 0.25
52 54 0.25
73 54 0.25
51 54.25 0.25
49 54.5 0.25
61 54.5 0.25
47 54.75 0.25
46 55 0.25
64 55 0.25
66 55 0.25
73 55 0.25
47 55.25 0.25
49 55.5 0.25
46 55.75 0.25
47 56 0.25
62 56 0.25
66 56 0.25
74 56 0.25
49 56.25 0.25
50 56.5 0.25
47 56.75 0.25
49 57 0.25
61 57 0.25
64 57 0.25
70 57 0.25
50 57.25 0.25
52 57.5 0.25
49 57.75 0.25
50 58 0.5
59 58 0.5
66 58 0.5
71 58 0.25
69 58.25 0.25
68 58.5 0.25
66 58.75 0.25
62 59 0.5
64 59 0.5
68 59 0.25
69 59.25 0.25
71 59.5 0.25
68 59.75 0.25
61 60 0.5
66 60 0.5
69 60 0.25
71 60.25 0.25
73 60.5 0.25
69 60.75 0.25
59 61 0.5
68 61 0.5
71 61 0.25
73 61.25 0.25
74 61.5 0.25
71 61.75 0.25
57 62 0.25
69 62 0.25
73 62 0.25
59 62.25 0.25
71 62.25 0.25
61 62.5 0.25
69 62.5 0.25
57 62.75 0.25
68 62.75 0.25
62 63 0.25
66 63 0.25
76 63.25 0.25
54 63.5 0.25
74 63.5 0.25
73 63.75 0.25
56 64 0.25
71 64 0.25
57 64.25 0.25
69 64.25 0.25
59 64.5 0.25
68 64.5 0.25
56 64.75 0.25
66 64.75 0.25
61 65 0.25
65 65 0.25
74 65.25 0.25
53 65.5 0.25
73 65.5 0.25
71 65.75 0.25
54 66 0.25
69 66 0.25
42 66.25 0.25
68 66.25 0.25
44 66.5 0.25
66 66.5 0.25
45 66.75 0.25
64 66.75 0.25
47 67 0.25
62 67 0.25
49 67.25 0.25
69 67.25 0.25
50 67.5 0.25
68 67.5 0.25
47 67.75 0.25
66 67.75 0.25
49 68 0.75
65 68 0.25
63 68.25 0.25
61 68.5 0.25
59 68.75 0.25
57 69 0.25
56 69.25 0.25
71 69.25 0.25
54 69.5 0.25
69 69.5 0.25
53 69.75 0.25
68 69.75 0.25
54 70 0.25
69 70 0.25
56 70.25 0.25
71 70.25 0.25
57 70.5 0.25
73 70.5 0.25
54 70.75 0.25
74 70.75 0.25
62 71 0.25
66 71 1
73 71 0.125
71 71.125 0.125
73 71.25 0.125
71 71.375 0.375
50 71.5 0.25
73 71.75 0.25
49 72 0.25
65 72 0.25
73 72 0.25
61 72.5 0.25
62 73 0.25
68 73 0.25
71 73 0.25
77 73 0.25
61 73.25 0.25
59 73.5 0.25
62 73.75 0.25
61 74 0.25
69 74 0.25
73 74 0.25
78 74 0.25
59 74.25 0.25
57 74.5 0.25
61 74.75 0.25
59 75 0.25
65 75 0.25
73 75 0.25
80 75 0.25
57 75.25 0.25
56 75.5 0.25
59 75.75 0.25
57 76 0.25
56 76.25 0.25
73 76.25 0.25
54 76.5 0.25
78 76.5 0.25
57 76.75 0.25
76 76.75 0.25
59 77 0.25
74 77 0.25
57 77.25 0.25
73 77.25 0.25
56 77.5 0.25
71 77.5 0.25
59 77.75 0.25
74 77.75 0.25
57 78 0.25
73 78 0.25
56 78.25 0.25
71 78.25 0.25
54 78.5 0.25
69 78.5 0.25
57 78.75 0.25
73 78.75 0.25
56 79 0.25
71 79 0.25
54 79.25 0.25
69 79.25 0.25
53 79.5 0.25
68 79.5 0.25
56 79.75 0.25
71 79.75 0.25
54 80 0.25
69 80 0.25
71 80.25 0.25
45 80.5 0.25
73 80.5 0.25
47 80.75 0.25
74 80.75 0.25
49 81 0.25
65 81 0.25
47 81.25 0.25
74 81.25 0.25
45 81.5 0.25
73 81.5 0.25
44 81.75 0.25
71 81.75 0.25
42 82 0.25
69 82 0.25
68 82.25 0.25
47 82.5 0.25
69 82.5 0.25
66 82.75 0.25
49 83 0.25
66 83 0.125
65 83.125 0.125
66 83.25 0.125
65 83.375 0.375
37 83.5 0.25
66 83.75 0.25
42 84 0.25
66 84 4.5
57 84.25 0.25
59 84.5 0.25
61 84.75 0.25
47 85 0.25
62 85 0.25
61 85.25 0.25
59 85.5 0.25
62 85.75 0.25
45 86 0.25
61 86 0.25
59 86.25 0.25
57 86.5 0.25
61 86.75 0.25
44 87 0.25
59 87 0.25
57 87.25 0.25
56 87.5 0.25
59 87.75 0.25
42 88 0.25
57 88 0.5
45 88.25 0.25
47 88.5 0.25
49 88.75 0.25
50 89 0.25
59 89 0.25
49 89.25 0.25
61 89.25 0.25
47 89.5 0.25
62 89.5 0.25
50 89.75 0.25
66 89.75 0.25
49 90 0.25
57 90 0.25
47 90.25 0.25
59 90.25 0.25
45 90.5 0.25
61 90.5 0.25
49 90.75 0.25
66 90.75 0.25
47 91 0.25
56 91 0.25
45 91.25 0.25
57 91.25 0.25
44 91.5 0.25
59 91.5 0.25
47 91.75 0.25
65 91.75 0.25
45 92 0.25
66 92 1.25
62 92.25 0.25
47 92.5 0.25
61 92.5 0.25
59 92.75 0.25
49 93 0.25
57 93 0.5
66 93.25 0.5
37 93.5 0.25
56 93.5 0.5
65 93.75 0.25
42 94 2
57 94 2
66 94 2
