60
60 0 2
64 0.25 1.75
67 0.5 0.25
72 0.75 0.25
76 1 0.25
67 1.25 0.25
72 1.5 0.25
76 1.75 0.25
60 2 2
64 2.25 1.75
67 2.5 0.25
72 2.75 0.25
76 3 0.25
67 3.25 0.25
72 3.5 0.25
76 3.75 0.25
60 4 2
62 4.25 1.75
69 4.5 0.25
74 4.75 0.25
77 5 0.25
69 5.25 0.25
74 5.5 0.25
77 5.75 0.25
60 6 2
62 6.25 1.75
69 6.5 0.25
74 6.75 0.25
77 7 0.25
69 7.25 0.25
74 7.5 0.25
77 7.75 0.25
59 8 2
62 8.25 1.75
67 8.5 0.25
74 8.75 0.25
77 9 0.25
67 9.25 0.25
74 9.5 0.25
77 9.75 0.25
59 10 2
62 10.25 1.75
67 10.5 0.25
74 10.75 0.25
77 11 0.25
67 11.25 0.25
74 11.5 0.25
77 11.75 0.25
60 12 2
64 12.25 1.75
67 12.5 0.25
72 12.75 0.25
76 13 0.25
67 13.25 0.25
72 13.5 0.25
76 13.75 0.25
60 14 2
64 14.25 1.75
67 14.5 0.25
72 14.75 0.25
76 15 0.25
67 15.25 0.25
72 15.5 0.25
76 15.75 0.25
60 16 2
64 16.25 1.75
69 16.5 0.25
76 16.75 0.25
81 17 0.25
69 17.25 0.25
76 17.5 0.25
81 17.75 0.25
60 18 2
64 18.25 1.75
69 18.5 0.25
76 18.75 0.25
81 19 0.25
69 19.25 0.25
76 19.5 0.25
81 19.75 0.25
60 20 2
62 20.25 1.75
66 20.5 0.25
69 20.75 0.25
74 21 0.25
66 21.25 0.25
69 21.5 0.25
74 21.75 0.25
60 22 2
62 22.25 1.75
66 22.5 0.25
69 22.75 0.25
74 23 0.25
66 23.25 0.25
69 23.5 0.25
74 23.75 0.25
59 24 2
62 24.25 1.75
67 24.5 0.25
74 24.75 0.25
79 25 0.25
67 25.25 0.25
74 25.5 0.25
79 25.75 0.25
59 26 2
62 26.25 1.75
67 26.5 0.25
74 26.75 0.25
79 27 0.25
67 27.25 0.25
74 27.5 0.25
79 27.75 0.25
59 28 2
60 28.25 1.75
64 28.5 0.25
67 28.75 0.25
72 29 0.25
64 29.25 0.25
67 29.5 0.25
72 29.75 0.25
59 30 2
60 30.25 1.75
64 30.5 0.25
67 30.75 0.25
72 31 0.25
64 31.25 0.25
67 31.5 0.25
72 31.75 0.25
57 32 2
60 32.25 1.75
64 32.5 0.25
67 32.75 0.25
72 33 0.25
64 33.25 0.25
67 33.5 0.25
72 33.75 0.25
57 34 2
60 34.25 1.75
64 34.5 0.25
67 34.75 0.25
72 35 0.25
64 35.25 0.25
67 35.5 0.25
72 35.75 0.25
50 36 2
57 36.25 1.75
62 36.5 0.25
66 36.75 0.25
72 37 0.25
62 37.25 0.25
66 37.5 0.25
72 37.75 0.25
50 38 2
57 38.25 1.75
62 38.5 0.25
66 38.75 0.25
72 39 0.25
62 39.25 0.25
66 39.5 0.25
72 39.75 0.25
55 40 2
59 40.25 1.75
62 40.5 0.25
67 40.75 0.25
71 41 0.25
62 41.25 0.25
67 41.5 0.25
71 41.75 0.25
55 42 2
59 42.25 1.75
62 42.5 0.25
67 42.75 0.25
71 43 0.25
62 43.25 0.25
67 43.5 0.25
71 43.75 0.25
55 44 2
58 44.25 1.75
64 44.5 0.25
67 44.75 0.25
73 45 0.25
64 45.25 0.25
67 45.5 0.25
73 45.75 0.25
55 46 2
58 46.25 1.75
64 46.5 0.25
67 46.75 0.25
73 47 0.25
64 47.25 0.25
67 47.5 0.25
73 47.75 0.25
53 48 2
57 48.25 1.75
62 48.5 0.25
69 48.75 0.25
74 49 0.25
62 49.25 0.25
69 49.5 0.25
74 49.75 0.25
53 50 2
57 50.25 1.75
62 50.5 0.25
69 50.75 0.25
74 51 0.25
62 51.25 0.25
69 51.5 0.25
74 51.75 0.25
53 52 2
56 52.25 1.75
62 52.5 0.25
65 52.75 0.25
71 53 0.25
62 53.25 0.25
65 53.5 0.25
71 53.75 0.25
53 54 2
56 54.25 1.75
62 54.5 0.25
65 54.75 0.25
71 55 0.25
62 55.25 0.25
65 55.5 0.25
71 55.75 0.25
52 56 2
55 56.25 1.75
60 56.5 0.25
67 56.75 0.25
72 57 0.25
60 57.25 0.25
67 57.5 0.25
72 57.75 0.25
52 58 2
55 58.25 1.75
60 58.5 0.25
67 58.75 0.25
72 59 0.25
60 59.25 0.25
67 59.5 0.25
72 59.75 0.25
52 60 2
53 60.25 1.75
57 60.5 0.25
60 60.75 0.25
65 61 0.25
57 61.25 0.25
60 61.5 0.25
65 61.75 0.25
52 62 2
53 62.25 1.75
57 62.5 0.25
60 62.75 0.25
65 63 0.25
57 63.25 0.25
60 63.5 0.25
65 63.75 0.25
50 64 2
53 64.25 1.75
57 64.5 0.25
60 64.75 0.25
65 65 0.25
57 65.25 0.25
60 65.5 0.25
65 65.75 0.25
50 66 2
53 66.25 1.75
57 66.5 0.25
60 66.75 0.25
65 67 0.25
57 67.25 0.25
60 67.5 0.25
65 67.75 0.25
43 68 2
50 68.25 1.75
55 68.5 0.25
59 68.75 0.25
65 69 0.25
55 69.25 0.25
59 69.5 0.25
65 69.75 0.25
43 70 2
50 70.25 1.75
55 70.5 0.25
59 70.75 0.25
65 71 0.25
55 71.25 0.25
59 71.5 0.25
65 71.75 0.25
48 72 2
52 72.25 1.75
55 72.5 0.25
60 72.75 0.25
64 73 0.25
55 73.25 0.25
60 73.5 0.25
64 73.75 0.25
48 74 2
52 74.25 1.75
55 74.5 0.25
60 74.75 0.25
64 75 0.25
55 75.25 0.25
60 75.5 0.25
64 75.75 0.25
48 76 2
55 76.25 1.75
58 76.5 0.25
60 76.75 0.25
64 77 0.25
58 77.25 0.25
60 77.5 0.25
64 77.75 0.25
48 78 2
55 78.25 1.75
58 78.5 0.25
60 78.75 0.25
64 79 0.25
58 79.25 0.25
60 79.5 0.25
64 79.75 0.25
41 80 2
53 80.25 1.75
57 80.5 0.25
60 80.75 0.25
64 81 0.25
57 81.25 0.25
60 81.5 0.25
64 81.75 0.25
41 82 2
53 82.25 1.75
57 82.5 0.25
60 82.75 0.25
64 83 0.25
57 83.25 0.25
60 83.5 0.25
64 83.75 0.25
42 84 2
48 84.25 1.75
57 84.5 0.25
60 84.75 0.25
63 85 0.25
57 85.25 0.25
60 85.5 0.25
63 85.75 0.25
42 86 2
48 86.25 1.75
57 86.5 0.25
60 86.75 0.25
63 87 0.25
57 87.25 0.25
60 87.5 0.25
63 87.75 0.25
44 88 2
53 88.25 1.75
59 88.5 0.25
60 88.75 0.25
62 89 0.25
59 89.25 0.25
60 89.5 0.25
62 89.75 0.25
44 90 2
53 90.25 1.75
59 90.5 0.25
60 90.75 0.25
62 91 0.25
59 91.25 0.25
60 91.5 0.25
62 91.75 0.25
43 92 2
53 92.25 1.75
55 92.5 0.25
59 92.75 0.25
62 93 0.25
55 93.25 0.25
59 93.5 0.25
62 93.75 0.25
43 94 2
53 94.25 1.75
55 94.5 0.25
59 94.75 0.25
62 95 0.25
55 95.25 0.25
59 95.5 0.25
62 95.75 0.25
43 96 2
52 96.25 1.75
55 96.5 0.25
60 96.75 0.25
64 97 0.25
55 97.25 0.25
60 97.5 0.25
64 97.75 0.25
43 98 2
52 98.25 1.75
55 98.5 0.25
60 98.75 0.25
64 99 0.25
55 99.25 0.25
60 99.5 0.25
64 99.75 0.25
43 100 2
50 100.25 1.75
55 100.5 0.25
60 100.75 0.25
65 101 0.25
55 101.25 0.25
60 101.5 0.25
65 101.75 0.25
43 102 2
50 102.25 1.75
55 102.5 0.25
60 102.75 0.25
65 103 0.25
55 103.25 0.25
60 103.5 0.25
65 103.75 0.25
43 104 2
50 104.25 1.75
55 104.5 0.25
59 104.75 0.25
65 105 0.25
55 105.25 0.25
59 105.5 0.25
65 105.75 0.25
43 106 2
50 106.25 1.75
55 106.5 0.25
59 106.75 0.25
65 107 0.25
55 107.25 0.25
59 107.5 0.25
65 107.75 0.25
43 108 2
51 108.25 1.75
57 108.5 0.25
60 108.75 0.25
66 109 0.25
57 109.25 0.25
60 109.5 0.25
66 109.75 0.25
43 110 2
51 110.25 1.75
57 110.5 0.25
60 110.75 0.25
66 111 0.25
57 111.25 0.25
60 111.5 0.25
66 111.75 0.25
43 112 2
52 112.25 1.75
55 112.5 0.25
60 112.75 0.25
67 113 0.25
55 113.25 0.25
60 113.5 0.25
67 113.75 0.25
43 114 2
52 114.25 1.75
55 114.5 0.25
60 114.75 0.25
67 115 0.25
55 115.25 0.25
60 115.5 0.25
67 115.75 0.25
43 116 2
50 116.25 1.75
55 116.5 0.25
60 116.75 0.25
65 117 0.25
55 117.25 0.25
60 117.5 0.25
65 117.75 0.25
43 118 2
50 118.25 1.75
55 118.5 0.25
60 118.75 0.25
65 119 0.25
55 119.25 0.25
60 119.5 0.25
65 119.75 0.25
43 120 2
50 120.25 1.75
55 120.5 0.25
59 120.75 0.25
65 121 0.25
55 121.25 0.25
59 121.5 0.25
65 121.75 0.25
43 122 2
50 122.25 1.75
55 122.5 0.25
59 122.75 0.25
65 123 0.25
55 123.25 0.25
59 123.5 0.25
65 123.75 0.25
36 124 2
48 124.25 1.75
55 124.5 0.25
58 124.75 0.25
64 125 0.25
55 125.25 0.25
58 125.5 0.25
64 125.75 0.25
36 126 2
48 126.25 1.75
55 126.5 0.25
58 126.75 0.25
64 127 0.25
55 127.25 0.25
58 127.5 0.25
64 127.75 0.25
36 128 4
48 128.25 3.75
53 128.5 0.25
57 128.75 0.25
60 129 0.25
65 129.25 0.25
60 129.5 0.25
57 129.75 0.25
60 130 0.25
57 130.25 0.25
53 130.5 0.25
57 130.75 0.25
53 131 0.25
50 131.25 0.25
53 131.5 0.25
50 131.75 0.25
36 132 4
47 132.25 3.75
67 132.5 0.25
71 132.75 0.25
74 133 0.25
77 133.25 0.25
74 133.5 0.25
71 133.75 0.25
74 134 0.25
71 134.25 0.25
67 134.5 0.25
71 134.75 0.25
62 135 0.25
65 135.25 0.25
64 135.5 0.25
62 135.75 0.25
36 136 4
48 136 4
64 136 4
67 136 4
72 136 4
