126
64 0 0.25
67 0.25 0.25
71 0.5 0.25
76 0.75 0.25
75 1 0.25
76 1.25 0.25
74 1.5 0.25
76 1.75 0.25
73 2 0.25
76 2.25 0.25
72 2.5 0.25
76 2.75 0.25
71 3 0.25
76 3.25 0.25
75 3.5 0.25
76 3.75 0.25
70 4 0.25
73 4.25 0.25
67 4.5 0.25
66 4.75 0.25
67 5 0.25
70 5.25 0.25
66 5.5 0.25
64 5.75 0.25
47 6 0.25
62 6 0.5
50 6.25 0.25
54 6.5 0.25
71 6.5 0.25
59 6.75 0.25
58 7 0.25
59 7.25 0.25
78 7.25 0.25
57 7.5 0.25
79 7.5 0.25
59 7.75 0.25
78 7.75 0.25
56 8 0.25
76 8 0.25
59 8.25 0.25
74 8.25 0.25
55 8.5 0.25
73 8.5 0.25
59 8.75 0.25
76 8.75 0.25
54 9 0.25
74 9 1.25
59 9.25 0.25
58 9.5 0.25
59 9.75 0.25
53 10 0.25
56 10.25 0.25
73 10.25 0.25
50 10.5 0.25
71 10.5 0.25
49 10.75 0.25
70 10.75 0.25
50 11 0.25
71 11 0.25
53 11.25 0.25
73 11.25 0.25
49 11.5 0.25
70 11.5 0.25
47 11.75 0.25
71 11.75 0.25
46 12 0.5
73 12 0.25
66 12.25 0.25
54 12.5 0.25
70 12.5 0.25
73 12.75 0.25
76 13 0.25
66 13.25 0.25
70 13.25 0.25
67 13.5 0.25
73 13.5 0.25
66 13.75 0.25
76 13.75 0.25
64 14 0.25
79 14 0.25
62 14.25 0.25
78 14.25 0.25
61 14.5 0.25
76 14.5 0.25
64 14.75 0.25
79 14.75 0.25
62 15 1.25
78 15 0.25
76 15.25 0.25
74 15.5 0.25
73 15.75 0.25
71 16 0.25
61 16.25 0.25
70 16.25 0.25
59 16.5 0.25
68 16.5 0.25
58 16.75 0.25
66 16.75 0.25
59 17 0.25
74 17 1.25
61 17.25 0.25
57 17.5 0.25
59 17.75 0.25
44 18 0.5
64 18.25 0.25
52 18.5 0.25
68 18.5 0.25
71 18.75 0.25
74 19 0.25
64 19.25 0.25
68 19.25 0.25
65 19.5 0.25
71 19.5 0.25
64 19.75 0.25
74 19.75 0.25
62 20 0.25
77 20 0.25
60 20.25 0.25
76 20.25 0.25
59 20.5 0.25
74 20.5 0.25
62 20.75 0.25
77 20.75 0.25
60 21 1.25
76 21 0.25
74 21.25 0.25
72 21.5 0.25
71 21.75 0.25
69 22 0.25
59 22.25 0.25
68 22.25 0.25
57 22.5 0.25
66 22.5 0.25
55 22.75 0.25
64 22.75 0.25
57 23 0.25
72 23 1.25
59 23.25 0.25
55 23.5 0.25
57 23.75 0.25
42 24 0.5
69 24.25 0.25
50 24.5 0.25
62 24.5 0.25
64 24.75 0.25
66 25 0.25
52 25.25 0.25
67 25.25 0.25
54 25.5 0.25
69 25.5 0.25
55 25.75 0.25
71 25.75 0.25
57 26 0.25
72 26 0.25
59 26.25 0.25
74 26.25 0.25
60 26.5 0.25
76 26.5 0.25
57 26.75 0.25
78 26.75 0.25
59 27 0.25
79 27 0.25
57 27.25 0.25
78 27.25 0.25
60 27.5 0.25
81 27.5 0.25
59 27.75 0.25
79 27.75 0.25
57 28 0.25
78 28 0.25
55 28.25 0.25
76 28.25 0.25
54 28.5 0.25
74 28.5 0.25
52 28.75 0.25
72 28.75 0.25
50 29 0.25
71 29 0.25
52 29.25 0.25
79 29.25 0.25
48 29.5 0.25
69 29.5 0.25
50 29.75 0.25
78 29.75 0.25
47 30 0.5
67 30 0.25
71 30.25 0.25
55 30.5 0.25
74 30.5 0.25
79 30.75 0.25
78 31 0.25
62 31.25 0.25
79 31.25 0.25
64 31.5 0.25
77 31.5 0.25
62 31.75 0.25
79 31.75 0.25
60 32 0.25
76 32 0.25
59 32.25 0.25
79 32.25 0.25
57 32.5 0.25
75 32.5 0.25
60 32.75 0.25
79 32.75 0.25
59 33 1.25
74 33 0.25
79 33.25 0.25
78 33.5 0.25
79 33.75 0.25
73 34 0.25
57 34.25 0.25
76 34.25 0.25
55 34.5 0.25
70 34.5 0.25
54 34.75 0.25
69 34.75 0.25
55 35 0.25
70 35 0.25
54 35.25 0.25
73 35.25 0.25
55 35.5 0.25
69 35.5 0.25
57 35.75 0.25
67 35.75 0.25
50 36 0.25
66 36 0.5
54 36.25 0.25
57 36.5 0.25
74 36.5 0.25
62 36.75 0.25
61 37 0.25
62 37.25 0.25
81 37.25 0.25
60 37.5 0.25
83 37.5 0.25
62 37.75 0.25
81 37.75 0.25
59 38 0.25
79 38 0.25
62 38.25 0.25
78 38.25 0.25
58 38.5 0.25
76 38.5 0.25
62 38.75 0.25
79 38.75 0.25
57 39 0.25
78 39 1.25
62 39.25 0.25
61 39.5 0.25
62 39.75 0.25
56 40 0.25
59 40.25 0.25
76 40.25 0.25
53 40.5 0.25
74 40.5 0.25
52 40.75 0.25
73 40.75 0.25
53 41 0.25
74 41 0.25
56 41.25 0.25
76 41.25 0.25
52 41.5 0.25
73 41.5 0.25
50 41.75 0.25
74 41.75 0.25
49 42 0.5
76 42 0.25
74 42.25 0.25
45 42.5 0.5
73 42.5 0.25
71 42.75 0.25
49 43 0.5
69 43 0.25
68 43.25 0.25
52 43.5 0.5
76 43.5 0.25
74 43.75 0.25
57 44 0.5
73 44 0.25
71 44.25 0.25
49 44.5 0.5
69 44.5 0.25
67 44.75 0.25
57 45 0.25
66 45 0.5
55 45.25 0.25
54 45.5 0.25
62 45.5 0.5
52 45.75 0.25
50 46 0.25
66 46 0.5
49 46.25 0.25
57 46.5 0.25
69 46.5 0.5
55 46.75 0.25
54 47 0.25
74 47 0.5
52 47.25 0.25
50 47.5 0.25
66 47.5 0.5
48 47.75 0.25
47 48 0.5
74 48 0.25
72 48.25 0.25
43 48.5 0.5
71 48.5 0.25
69 48.75 0.25
47 49 0.5
67 49 0.25
66 49.25 0.25
50 49.5 0.5
74 49.5 0.25
72 49.75 0.25
55 50 0.5
71 50 0.25
69 50.25 0.25
47 50.5 0.5
67 50.5 0.25
65 50.75 0.25
55 51 0.25
64 51 0.5
53 51.25 0.25
52 51.5 0.25
60 51.5 0.5
50 51.75 0.25
48 52 0.25
64 52 0.5
47 52.25 0.25
55 52.5 0.25
67 52.5 0.5
53 52.75 0.25
52 53 0.25
72 53 0.5
50 53.25 0.25
48 53.5 0.25
64 53.5 0.5
47 53.75 0.25
52 54 0.25
76 54 0.25
50 54.25 0.25
74 54.25 0.25
48 54.5 0.25
72 54.5 0.25
47 54.75 0.25
71 54.75 0.25
45 55 0.25
69 55 0.25
44 55.25 0.25
68 55.25 0.25
52 55.5 0.25
76 55.5 0.25
50 55.75 0.25
74 55.75 0.25
48 56 0.25
72 56 0.25
47 56.25 0.25
71 56.25 0.25
45 56.5 0.25
69 56.5 0.25
44 56.75 0.25
68 56.75 0.25
45 57 0.25
69 57 0.25
48 57.25 0.25
72 57.25 0.25
52 57.5 0.25
76 57.5 0.25
57 57.75 0.25
81 57.75 0.25
56 58 0.25
57 58.25 0.25
76 58.25 0.25
55 58.5 0.25
77 58.5 0.25
57 58.75 0.25
76 58.75 0.25
54 59 0.25
74 59 0.25
57 59.25 0.25
72 59.25 0.25
53 59.5 0.25
71 59.5 0.25
57 59.75 0.25
74 59.75 0.25
52 60 0.25
72 60 1.25
57 60.25 0.25
56 60.5 0.25
57 60.75 0.25
51 61 0.25
54 61.25 0.25
71 61.25 0.25
48 61.5 0.25
69 61.5 0.25
47 61.75 0.25
68 61.75 0.25
48 62 0.25
69 62 0.25
51 62.25 0.25
66 62.25 0.25
47 62.5 0.25
63 62.5 0.25
45 62.75 0.25
71 62.75 0.25
43 63 0.5
64 63 0.25
67 63.25 0.25
52 63.5 0.25
71 63.5 0.25
76 63.75 0.25
75 64 0.25
59 64.25 0.25
76 64.25 0.25
60 64.5 0.25
74 64.5 0.25
59 64.75 0.25
76 64.75 0.25
57 65 0.25
73 65 0.25
55 65.25 0.25
76 65.25 0.25
54 65.5 0.25
72 65.5 0.25
57 65.75 0.25
76 65.75 0.25
55 66 1.25
71 66 0.25
76 66.25 0.25
75 66.5 0.25
76 66.75 0.25
70 67 0.25
54 67.25 0.25
73 67.25 0.25
52 67.5 0.25
67 67.5 0.25
51 67.75 0.25
66 67.75 0.25
52 68 0.25
67 68 0.25
54 68.25 0.25
70 68.25 0.25
51 68.5 0.25
66 68.5 0.25
52 68.75 0.25
64 68.75 0.25
54 69 0.25
63 69 0.5
47 69.25 0.25
51 69.5 0.25
71 69.5 0.25
54 69.75 0.25
57 70 0.25
51 70.25 0.25
83 70.25 0.25
54 70.5 0.25
84 70.5 0.25
57 70.75 0.25
83 70.75 0.25
60 71 0.25
81 71 0.25
59 71.25 0.25
79 71.25 0.25
57 71.5 0.25
78 71.5 0.25
60 71.75 0.25
81 71.75 0.25
59 72 0.25
79 72 1.25
57 72.25 0.25
55 72.5 0.25
54 72.75 0.25
52 73 0.25
51 73.25 0.25
78 73.25 0.25
49 73.5 0.25
76 73.5 0.25
47 73.75 0.25
75 73.75 0.25
55 74 1.25
76 74 0.25
78 74.25 0.25
74 74.5 0.25
76 74.75 0.25
73 75 0.5
45 75.25 0.25
49 75.5 0.25
81 75.5 0.25
52 75.75 0.25
55 76 0.25
49 76.25 0.25
81 76.25 0.25
52 76.5 0.25
82 76.5 0.25
55 76.75 0.25
81 76.75 0.25
58 77 0.25
79 77 0.25
57 77.25 0.25
77 77.25 0.25
55 77.5 0.25
76 77.5 0.25
58 77.75 0.25
79 77.75 0.25
57 78 0.25
77 78 1.25
55 78.25 0.25
53 78.5 0.25
52 78.75 0.25
50 79 0.25
49 79.25 0.25
76 79.25 0.25
47 79.5 0.25
74 79.5 0.25
45 79.75 0.25
73 79.75 0.25
53 80 1.25
74 80 0.25
76 80.25 0.25
72 80.5 0.25
74 80.75 0.25
71 81 0.5
50 81.25 0.25
43 81.5 0.25
79 81.5 0.25
45 81.75 0.25
47 82 0.25
48 82.25 0.25
69 82.25 0.25
50 82.5 0.25
71 82.5 0.25
52 82.75 0.25
72 82.75 0.25
53 83 0.25
74 83 0.25
55 83.25 0.25
76 83.25 0.25
57 83.5 0.25
77 83.5 0.25
59 83.75 0.25
74 83.75 0.25
60 84 0.25
76 84 0.25
59 84.25 0.25
74 84.25 0.25
64 84.5 0.25
79 84.5 0.25
62 84.75 0.25
77 84.75 0.25
61 85 0.25
76 85 0.25
58 85.25 0.25
74 85.25 0.25
57 85.5 0.25
73 85.5 0.25
55 85.75 0.25
70 85.75 0.25
53 86 0.25
69 86 0.25
62 86.25 0.25
70 86.25 0.25
52 86.5 0.25
67 86.5 0.25
61 86.75 0.25
69 86.75 0.25
50 87 0.25
65 87 0.5
53 87.25 0.25
57 87.5 0.25
74 87.5 0.25
62 87.75 0.25
61 88 0.25
62 88.25 0.25
81 88.25 0.25
60 88.5 0.25
82 88.5 0.25
62 88.75 0.25
81 88.75 0.25
59 89 0.25
79 89 0.25
62 89.25 0.25
77 89.25 0.25
58 89.5 0.25
76 89.5 0.25
62 89.75 0.25
79 89.75 0.25
57 90 0.25
77 90 1.25
62 90.25 0.25
61 90.5 0.25
62 90.75 0.25
56 91 0.25
59 91.25 0.25
76 91.25 0.25
53 91.5 0.25
74 91.5 0.25
52 91.75 0.25
72 91.75 0.25
53 92 0.25
74 92 0.25
56 92.25 0.25
72 92.25 0.25
52 92.5 0.25
74 92.5 0.25
50 92.75 0.25
76 92.75 0.25
48 93 0.5
69 93 0.25
72 93.25 0.25
57 93.5 0.25
76 93.5 0.25
81 93.75 0.25
80 94 0.25
64 94.25 0.25
81 94.25 0.25
65 94.5 0.25
79 94.5 0.25
64 94.75 0.25
81 94.75 0.25
62 95 0.25
78 95 0.25
60 95.25 0.25
81 95.25 0.25
59 95.5 0.25
77 95.5 0.25
62 95.75 0.25
81 95.75 0.25
60 96 1.25
76 96 0.25
81 96.25 0.25
80 96.5 0.25
81 96.75 0.25
75 97 0.25
59 97.25 0.25
78 97.25 0.25
57 97.5 0.25
72 97.5 0.25
56 97.75 0.25
71 97.75 0.25
57 98 0.25
72 98 0.25
54 98.25 0.25
75 98.25 0.25
51 98.5 0.25
71 98.5 0.25
54 98.75 0.25
69 98.75 0.25
59 99 0.25
68 99 0.5
57 99.25 0.25
56 99.5 0.25
64 99.5 0.5
54 99.75 0.25
52 100 0.25
68 100 0.5
51 100.25 0.25
59 100.5 0.25
71 100.5 0.5
57 100.75 0.25
56 101 0.25
76 101 0.5
54 101.25 0.25
52 101.5 0.25
68 101.5 0.5
50 101.75 0.25
49 102 0.5
76 102 0.25
74 102.25 0.25
45 102.5 0.5
73 102.5 0.25
71 102.75 0.25
49 103 0.5
69 103 0.25
68 103.25 0.25
52 103.5 0.5
76 103.5 0.25
74 103.75 0.25
57 104 0.5
73 104 0.25
71 104.25 0.25
49 104.5 0.5
69 104.5 0.25
67 104.75 0.25
57 105 0.25
66 105 0.5
55 105.25 0.25
54 105.5 0.25
62 105.5 0.5
52 105.75 0.25
50 106 0.25
66 106 0.5
49 106.25 0.25
57 106.5 0.25
69 106.5 0.5
55 106.75 0.25
54 107 0.25
74 107 0.5
52 107.25 0.25
50 107.5 0.25
66 107.5 0.5
48 107.75 0.25
47 108 0.5
74 108 0.25
72 108.25 0.25
43 108.5 0.5
71 108.5 0.25
69 108.75 0.25
47 109 0.5
67 109 0.25
66 109.25 0.25
50 109.5 0.5
74 109.5 0.25
72 109.75 0.25
55 110 0.5
71 110 0.25
69 110.25 0.25
47 110.5 0.5
67 110.5 0.25
66 110.75 0.25
59 111 0.25
71 111 0.25
57 111.25 0.25
69 111.25 0.25
55 111.5 0.25
67 111.5 0.25
54 111.75 0.25
66 111.75 0.25
52 112 0.25
64 112 0.25
51 112.25 0.25
63 112.25 0.25
59 112.5 0.25
71 112.5 0.25
57 112.75 0.25
69 112.75 0.25
55 113 0.25
67 113 0.25
54 113.25 0.25
66 113.25 0.25
52 113.5 0.25
64 113.5 0.25
51 113.75 0.25
63 113.75 0.25
52 114 0.25
64 114 0.25
47 114.25 0.25
67 114.25 0.25
43 114.5 0.25
71 114.5 0.25
40 114.75 0.25
76 114.75 0.25
75 115 0.25
59 115.25 0.25
76 115.25 0.25
60 115.5 0.25
74 115.5 0.25
59 115.75 0.25
76 115.75 0.25
57 116 0.25
73 116 0.25
55 116.25 0.25
76 116.25 0.25
57 116.5 0.25
72 116.5 0.25
54 116.75 0.25
76 116.75 0.25
55 117 0.25
71 117 0.25
54 117.25 0.25
69 117.25 0.25
52 117.5 0.25
67 117.5 0.25
64 117.75 0.25
72 117.75 0.25
63 118 0.25
71 118 0.25
64 118.25 0.25
69 118.25 0.25
62 118.5 0.25
71 118.5 0.25
64 118.75 0.25
68 118.75 0.25
61 119 0.25
69 119 0.25
64 119.25 0.25
67 119.25 0.25
60 119.5 0.25
69 119.5 0.25
64 119.75 0.25
66 119.75 0.25
59 120 0.25
67 120 0.25
66 120.25 0.25
57 120.5 0.25
67 120.5 0.25
69 120.75 0.25
59 121 0.25
63 121 0.25
66 121.25 0.25
60 121.5 0.25
59 121.75 0.25
47 122 0.25
60 122 0.25
63 122.25 0.25
59 122.5 0.25
57 122.75 0.25
40 123 0.5
56 123 0.125
59 123.125 0.125
64 123.25 0.25
