88
45 0 1
69 0 0.25
71 0.25 0.25
73 0.5 0.25
69 0.75 0.25
57 1 1
78 1 0.25
78 1.5 0.25
56 2 1
78 2 0.25
75 2.25 0.25
76 2.5 0.25
55 3 1
76 3.25 0.25
64 3.5 1
78 3.5 0.25
79 3.75 0.25
54 4 1
81 4 0.25
79 4.25 0.25
57 4.5 0.5
78 4.5 0.25
81 4.75 0.25
59 5 1
74 5 0.25
73 5.25 0.25
62 5.5 1
71 5.5 0.25
81 5.75 0.25
52 6 1
80 6 0.25
78 6.25 0.25
56 6.5 0.5
76 6.5 0.25
80 6.75 0.25
57 7 1
73 7 0.25
71 7.25 0.25
61 7.5 1
69 7.5 0.25
79 7.75 0.25
50 8 1
78 8 0.25
76 8.25 0.25
59 8.5 0.25
74 8.5 0.25
57 8.75 0.25
78 8.75 0.25
52 9 1
57 9 0.125
71 9 0.25
56 9.125 0.125
57 9.25 0.125
78 9.25 0.25
56 9.375 0.375
76 9.5 0.25
56 9.75 0.25
74 9.75 0.25
45 10 0.5
57 10 0.5
73 10 0.25
71 10.25 0.25
57 10.5 0.5
69 10.5 0.25
71 10.75 0.25
56 11 0.5
73 11 0.25
75 11.25 0.25
54 11.5 0.5
76 11.5 0.25
78 11.75 0.25
52 12 0.25
80 12 0.25
54 12.25 0.25
81 12.25 0.25
56 12.5 0.25
83 12.5 0.25
52 12.75 0.25
80 12.75 0.25
61 13 0.25
76 13 0.25
76 13 1
78 13.25 0.25
61 13.5 0.25
80 13.5 0.25
76 13.75 0.25
61 14 0.25
75 14 1
78 14 0.5
58 14.25 0.25
59 14.5 0.25
80 14.5 0.25
81 14.75 0.25
74 15 1
83 15 1.5
59 15.25 0.25
61 15.5 0.25
62 15.75 0.25
64 16 0.25
73 16 1
62 16.25 0.25
61 16.5 0.25
76 16.5 0.5
64 16.75 0.25
57 17 0.25
78 17 1
56 17.25 0.25
54 17.5 0.25
81 17.5 1
64 17.75 0.25
63 18 0.25
71 18 1
61 18.25 0.25
59 18.5 0.25
75 18.5 0.5
63 18.75 0.25
56 19 0.25
76 19 2
54 19.25 0.25
52 19.5 0.25
80 19.5 0.5
62 19.75 0.25
61 20 0.25
81 20 0.25
59 20.25 0.25
80 20.25 0.25
57 20.5 0.25
78 20.5 0.25
61 20.75 0.25
81 20.75 0.25
54 21 0.25
75 21 1
75 21 0.25
61 21.25 0.25
81 21.25 0.25
59 21.5 0.25
80 21.5 0.25
57 21.75 0.25
78 21.75 0.25
56 22 0.25
76 22 0.5
76 22 1
54 22.25 0.25
52 22.5 0.25
71 22.5 0.5
54 22.75 0.25
56 23 0.25
76 23 0.5
57 23.25 0.25
59 23.5 0.25
76 23.5 0.5
79 23.5 0.5
61 23.75 0.25
62 24 0.25
76 24 0.5
79 24 0.5
64 24.25 0.25
66 24.5 0.25
74 24.5 0.5
78 24.5 0.5
62 24.75 0.25
59 25 0.25
61 25.25 0.25
62 25.5 0.25
74 25.5 0.5
78 25.5 0.5
59 25.75 0.25
61 26 0.25
74 26 0.5
78 26 0.5
62 26.25 0.25
64 26.5 0.25
73 26.5 0.5
76 26.5 0.5
61 26.75 0.25
57 27 0.25
59 27.25 0.25
61 27.5 0.25
73 27.5 0.5
76 27.5 0.5
57 27.75 0.25
59 28 0.25
73 28 0.5
76 28 0.5
61 28.25 0.25
62 28.5 0.25
71 28.5 0.5
74 28.5 0.5
59 28.75 0.25
56 29 0.25
57 29.25 0.25
59 29.5 0.25
74 29.5 0.5
56 29.75 0.25
57 30 1.25
57 30 0.25
74 30 0.5
59 30.25 0.25
61 30.5 0.25
73 30.5 0.5
57 30.75 0.25
66 31 0.25
81 31 1
56 31.25 0.25
57 31.5 0.25
66 31.5 0.25
59 31.75 0.25
61 32 1
66 32 0.25
80 32 1
63 32.25 0.25
64 32.5 0.25
79 33 1
64 33.25 0.25
64 33.5 1
66 33.5 0.25
67 33.75 0.25
69 34 0.25
78 34 1
67 34.25 0.25
57 34.5 0.5
66 34.5 0.25
69 34.75 0.25
62 35 0.25
83 35 1
61 35.25 0.25
59 35.5 0.25
62 35.5 1
69 35.75 0.25
68 36 0.25
76 36 1
66 36.25 0.25
56 36.5 0.5
64 36.5 0.25
68 36.75 0.25
61 37 0.25
81 37 2
59 37.25 0.25
57 37.5 0.25
61 37.5 0.5
67 37.75 0.25
62 38 0.5
66 38 0.25
64 38.25 0.25
59 38.5 0.5
62 38.5 0.25
66 38.75 0.25
59 39 0.25
80 39 1.25
66 39.25 0.25
52 39.5 0.5
64 39.5 0.25
62 39.75 0.25
57 40 0.5
61 40 1
78 40.25 0.25
56 40.5 0.5
77 40.5 0.25
80 40.75 0.25
57 41 0.5
78 41 2
76 41.25 0.25
54 41.5 0.5
74 41.5 0.25
73 41.75 0.25
56 42 0.5
71 42 0.25
69 42.25 0.25
59 42.5 0.5
68 42.5 0.25
71 42.75 0.25
61 43 0.5
61 43 0.25
77 43 1
74 43.25 0.25
49 43.5 0.5
73 43.5 0.25
71 43.75 0.25
54 44 0.5
69 44 1
78 44 0.25
80 44.25 0.25
42 44.5 0.5
81 44.5 0.25
78 44.75 0.25
54 45 1
73 45 0.25
74 45 0.25
71 45.25 0.25
69 45.5 0.25
74 45.5 0.25
68 45.75 0.25
53 46 1
68 46 1
74 46 0.25
72 46.25 0.25
73 46.5 0.5
52 47 1
73 47.25 0.25
61 47.5 1
74 47.5 0.25
76 47.75 0.25
51 48 1
78 48 0.25
76 48.25 0.25
54 48.5 0.5
75 48.5 0.25
78 48.75 0.25
56 49 1
71 49 0.25
69 49.25 0.25
59 49.5 1
68 49.5 0.25
78 49.75 0.25
49 50 1
77 50 0.25
75 50.25 0.25
53 50.5 0.5
73 50.5 0.25
83 50.75 0.25
54 51 1
81 51 0.25
80 51.25 0.25
57 51.5 1
78 51.5 0.25
77 51.75 0.25
50 52 0.5
78 52 0.25
77 52.25 0.25
47 52.5 0.5
56 52.5 0.25
78 52.5 0.25
54 52.75 0.25
80 52.75 0.25
49 53 1
53 53 0.5
81 53 0.125
80 53.125 0.125
81 53.25 0.125
80 53.375 0.375
59 53.5 0.5
78 53.75 0.25
54 54 1
57 54 0.25
78 54 1
74 54.25 0.25
73 54.5 0.25
71 54.75 0.25
69 55 0.25
68 55.25 0.25
66 55.5 0.25
81 55.5 0.5
64 55.75 0.25
63 56 1
81 56 0.5
61 56.25 0.25
59 56.5 0.25
80 56.5 0.5
57 56.75 0.25
56 57 0.25
54 57.25 0.25
52 57.5 0.25
76 57.5 0.75
80 57.5 0.5
58 57.75 0.25
59 58 1
80 58 0.5
76 58.25 0.25
75 58.5 0.25
78 58.5 0.5
73 58.75 0.25
71 59 0.25
69 59.25 0.25
68 59.5 0.25
83 59.5 0.5
66 59.75 0.25
64 60 1
83 60 0.5
63 60.25 0.25
61 60.5 0.25
81 60.5 0.5
59 60.75 0.25
57 61 0.25
56 61.25 0.25
54 61.5 0.25
78 61.5 0.75
81 61.5 0.5
63 61.75 0.25
64 62 1
81 62 0.5
78 62.25 0.25
76 62.5 0.25
80 62.5 0.5
74 62.75 0.25
73 63 0.25
71 63.25 0.25
69 63.5 0.25
76 63.5 0.5
68 63.75 0.25
66 64 1
76 64 0.5
64 64.25 0.25
62 64.5 0.25
69 64.5 0.5
61 64.75 0.25
59 65 0.25
74 65 0.5
57 65.25 0.25
56 65.5 0.25
71 65.5 1
74 65.5 0.5
59 65.75 0.25
45 66 0.25
74 66 0.5
47 66.25 0.25
49 66.5 0.25
64 66.5 0.5
73 66.5 0.5
45 66.75 0.25
54 67 0.25
69 67 1
76 67.25 0.25
54 67.5 0.25
74 67.5 0.25
73 67.75 0.25
54 68 0.25
68 68 1
71 68 0.5
51 68.25 0.25
52 68.5 0.25
73 68.5 0.25
75 68.75 0.25
67 69 1
76 69 1.5
52 69.25 0.25
54 69.5 0.25
55 69.75 0.25
57 70 0.25
66 70 1
55 70.25 0.25
54 70.5 0.25
69 70.5 0.5
57 70.75 0.25
50 71 0.25
71 71 1
49 71.25 0.25
47 71.5 0.25
74 71.5 1
57 71.75 0.25
56 72 0.25
64 72 1
54 72.25 0.25
52 72.5 0.25
68 72.5 0.5
56 72.75 0.25
49 73 0.25
69 73 1
47 73.25 0.25
45 73.5 0.25
73 73.5 0.5
55 73.75 0.25
54 74 0.25
69 74 1
74 74 0.25
52 74.25 0.25
73 74.25 0.25
50 74.5 0.25
71 74.5 0.25
54 74.75 0.25
73 74.75 0.25
47 75 0.25
68 75 1
74 75 0.25
54 75.25 0.25
73 75.25 0.25
52 75.5 0.25
74 75.5 0.25
50 75.75 0.25
76 75.75 0.25
49 76 0.25
69 76 1
69 76 0.25
47 76.25 0.25
71 76.25 0.25
45 76.5 0.25
73 76.5 0.25
49 76.75 0.25
69 76.75 0.25
50 77 0.25
57 77 1
78 77 0.25
52 77.25 0.25
50 77.5 0.25
78 77.5 0.25
49 77.75 0.25
47 78 0.25
56 78 1
78 78 0.25
45 78.25 0.25
75 78.25 0.25
44 78.5 0.25
76 78.5 0.5
47 78.75 0.25
49 79 0.5
55 79 1
76 79.25 0.25
52 79.5 1
78 79.5 0.25
79 79.75 0.25
54 80 1
81 80 0.25
79 80.25 0.25
45 80.5 0.5
78 80.5 0.25
81 80.75 0.25
59 81 1
74 81 0.25
73 81.25 0.25
50 81.5 1
71 81.5 0.25
81 81.75 0.25
52 82 1
80 82 0.25
78 82.25 0.25
44 82.5 0.5
76 82.5 0.25
80 82.75 0.25
57 83 1
73 83 0.25
71 83.25 0.25
49 83.5 1
69 83.5 0.25
79 83.75 0.25
50 84 1.25
78 84 0.25
76 84.25 0.25
47 84.5 0.25
74 84.5 0.25
45 84.75 0.25
78 84.75 0.25
44 85 1
71 85 0.25
50 85.25 0.25
78 85.25 0.25
49 85.5 0.25
76 85.5 0.25
47 85.75 0.25
74 85.75 0.25
45 86 0.5
45 86 0.25
73 86 0.25
47 86.25 0.25
71 86.25 0.25
49 86.5 0.25
69 86.5 0.25
45 86.75 0.25
73 86.75 0.25
50 87 0.25
66 87 0.25
52 87.25 0.25
64 87.25 0.25
54 87.5 0.25
62 87.5 0.25
50 87.75 0.25
66 87.75 0.25
56 88 0.25
59 88 0.25
57 88.25 0.25
61 88.25 0.25
56 88.5 0.25
62 88.5 0.25
54 88.75 0.25
64 88.75 0.25
52 89 0.25
66 89 0.25
62 89.25 0.25
68 89.25 0.25
61 89.5 0.25
69 89.5 0.25
59 89.75 0.25
71 89.75 0.25
57 90 0.25
73 90 0.25
54 90.25 0.25
74 90.25 0.25
52 90.5 0.25
76 90.5 0.25
50 90.75 0.25
78 90.75 0.25
49 91 0.25
80 91 0.25
47 91.25 0.25
81 91.25 0.25
45 91.5 0.25
83 91.5 0.25
44 91.75 0.25
80 91.75 0.25
42 92 0.25
81 92 1.75
40 92.25 0.25
80 92.25 0.25
38 92.5 0.5
78 92.5 0.25
76 92.75 0.25
40 93 0.5
74 93 0.25
73 93.25 0.25
52 93.5 0.5
71 93.5 0.5
80 93.75 0.25
45 94 2
73 94 2
81 94 2
