60
36 0 9
48 0 9
72 0.25 0.25
74 0.5 0.25
76 0.75 0.25
67 1 0.25
76 1.25 0.25
65 1.5 0.25
74 1.75 0.25
64 2 0.125
72 2.125 0.125
71 2.25 0.125
69 2.375 0.125
67 2.5 0.25
70 2.75 0.25
64 3 0.25
67 3.25 0.25
60 3.5 0.25
70 3.75 0.25
69 4 0.125
67 4.125 0.125
65 4.25 0.125
64 4.375 0.125
65 4.5 0.25
69 4.75 0.25
62 5 0.25
65 5.25 0.25
57 5.5 0.25
60 5.75 0.25
59 6 0.25
62 6.25 0.25
64 6.5 0.25
65 6.75 0.25
55 7 0.25
65 7.25 0.25
64 7.5 0.25
62 7.75 0.25
64 8 5.25
60 8.25 3.75
60 8.25 0.25
59 8.5 0.25
57 8.75 0.25
55 9 3
53 9.25 0.25
52 9.5 0.25
50 9.75 0.25
48 10 0.125
50 10.125 0.125
48 10.25 0.125
47 10.375 0.125
48 10.5 0.25
52 10.75 0.25
43 11 0.25
46 11.25 0.25
45 11.5 0.25
43 11.75 0.25
41 12 3
57 12 2
48 12.25 0.25
50 12.5 0.25
52 12.75 0.25
53 13 0.5
62 13.25 0.5
52 13.5 0.5
60 13.75 0.25
50 14 1
55 14 0.75
59 14 0.25
62 14.25 0.25
67 14.5 0.75
59 14.75 0.25
40 15 0.5
52 15 1
60 15 1.25
67 15.25 0.25
45 15.5 0.5
65 15.5 0.25
64 15.75 0.25
38 16 1
50 16 2
65 16 1.25
60 16.25 0.25
62 16.5 0.25
57 16.75 0.25
43 17 1
59 17 1
65 17.25 0.25
64 17.5 0.25
62 17.75 0.25
36 18 0.25
48 18 0.25
60 18 2.25
64 18 2
43 18.25 0.25
45 18.5 0.25
47 18.75 0.25
48 19 0.25
52 19.25 0.25
45 19.5 0.25
48 19.75 0.25
42 20 0.5
62 20 1.25
60 20.25 0.25
38 20.5 0.5
59 20.5 0.25
57 20.75 0.25
43 21 1.25
59 21 1
62 21.25 0.25
64 21.5 0.25
67 21.75 0.25
57 22 2.25
60 22 1.25
45 22.25 0.125
47 22.375 0.125
48 22.5 0.125
50 22.625 0.125
52 22.75 0.25
42 23 1
69 23.25 0.125
67 23.375 0.125
50 23.5 1
69 23.5 0.25
60 23.75 0.25
43 24 1.5
59 24 1.25
57 24.25 0.25
55 24.5 0.25
54 24.75 0.25
55 25 0.5
62 25.25 0.25
41 25.5 0.5
64 25.5 0.25
65 25.75 0.25
40 26 0.5
67 26 1.75
64 26.25 0.25
43 26.5 0.5
52 26.5 1.75
59 26.5 0.25
62 26.75 0.25
45 27 0.5
61 27 0.25
64 27.25 0.25
49 27.5 0.5
57 27.5 2
67 27.75 0.25
38 28 1.25
65 28 2
45 28.25 0.25
47 28.5 0.25
49 28.75 0.25
50 29 0.25
53 29.25 0.25
47 29.5 0.25
62 29.5 0.75
50 29.75 0.25
44 30 0.5
64 30 1.25
62 30.25 0.25
40 30.5 0.5
60 30.5 0.25
59 30.75 0.25
45 31 0.5
60 31 2
64 31.25 0.25
43 31.5 0.5
65 31.5 0.25
67 31.75 0.25
41 32 0.5
69 32 0.125
67 32.125 0.125
65 32.25 0.125
64 32.375 0.125
40 32.5 0.5
65 32.5 0.25
69 32.75 0.25
41 33 0.5
62 33 1.25
62 33 0.25
72 33.25 0.25
38 33.5 0.5
71 33.5 0.25
69 33.75 0.25
40 34 2.25
68 34 1.25
65 34.25 0.25
64 34.5 0.25
62 34.75 0.25
60 35 0.75
64 35.25 0.25
69 35.5 1
60 35.75 0.25
59 36 1.5
47 36.25 0.25
48 36.5 0.25
69 36.5 0.5
50 36.75 0.25
52 37 0.25
67 37 0.5
55 37.25 0.25
47 37.5 0.25
62 37.5 0.75
65 37.5 0.5
50 37.75 0.25
49 38 0.25
64 38 0.75
52 38.25 0.25
62 38.25 0.25
45 38.5 0.5
61 38.5 0.5
55 38.75 0.5
64 38.75 0.5
50 39 1.5
57 39 1.25
55 39.25 0.25
64 39.25 0.25
53 39.5 0.25
62 39.5 0.25
52 39.75 0.25
61 39.75 0.25
53 40 2
62 40 0.25
69 40.25 0.25
45 40.5 0.5
71 40.5 0.25
73 40.75 0.25
46 41 0.5
74 41 0.25
77 41.25 1
50 41.5 0.5
69 41.5 0.25
72 41.75 0.25
43 42 2
55 42 2.75
70 42 2.25
77 42.25 0.25
75 42.5 0.25
74 42.75 0.25
75 43 0.25
79 43.25 0.25
73 43.5 0.25
74 43.75 0.25
45 44 3
73 44 1.5
70 44.25 0.25
69 44.5 0.75
55 44.75 0.25
54 45 0.5
69 45.25 0.5
53 45.5 0.5
74 45.5 0.75
68 45.75 0.25
52 46 0.5
69 46 1.75
74 46.25 0.25
50 46.5 0.5
73 46.5 0.25
71 46.75 0.25
45 47 1
52 47 0.5
73 47 0.25
74 47.25 0.25
57 47.5 1
76 47.5 0.75
67 47.75 0.25
50 48 2.75
65 48 1.25
69 48.25 0.25
58 48.5 0.5
74 48.5 0.25
73 48.75 0.25
57 49 0.5
74 49 0.75
65 49.25 0.25
55 49.5 0.5
70 49.5 0.5
76 49.75 0.25
53 50 0.25
69 50 0.75
77 50 1.25
55 50.25 0.25
57 50.5 0.75
48 50.75 0.25
69 50.75 0.25
47 51 0.75
74 51 0.75
56 51.25 0.25
76 51.25 0.25
57 51.5 0.5
77 51.5 0.5
45 51.75 0.25
74 51.75 0.5
44 52 0.5
76 52 1.25
52 52.25 0.25
74 52.25 0.25
54 52.5 0.25
72 52.5 0.25
56 52.75 0.25
71 52.75 0.25
57 53 1.25
72 53 1.25
48 53.25 0.25
76 53.25 0.25
53 53.5 0.25
81 53.5 0.25
52 53.75 0.25
80 53.75 0.25
53 54 1.25
81 54 1.25
57 54.25 0.25
73 54.25 0.25
59 54.5 0.25
74 54.5 0.25
61 54.75 0.25
76 54.75 0.25
62 55 1.25
69 55 1.25
52 55.25 0.25
79 55.25 0.25
53 55.5 0.25
81 55.5 0.25
50 55.75 0.25
77 55.75 0.25
58 56 2.25
74 56 1.25
62 56.25 0.25
66 56.25 0.25
64 56.5 0.25
67 56.5 0.25
66 56.75 0.25
69 56.75 0.25
67 57 0.75
70 57 0.5
77 57.25 0.25
76 57.5 0.25
65 57.75 0.25
79 57.75 0.25
64 58 1.25
72 58 1.75
57 58.25 0.25
55 58.5 0.25
70 58.5 0.75
58 58.75 0.25
57 59 1.25
60 59.25 0.25
69 59.25 0.125
67 59.375 0.125
65 59.5 1.5
69 59.5 0.25
72 59.75 0.25
75 59.75 0.25
70 60 1.5
74 60 1.25
55 60.25 0.25
53 60.5 0.25
57 60.75 0.25
55 61 0.5
58 61 0.5
77 61.25 0.5
48 61.5 0.5
55 61.5 0.5
60 61.5 1.25
70 61.5 0.75
76 61.75 0.25
53 62 2.25
77 62 0.75
67 62.25 0.25
69 62.5 1
57 62.75 0.25
72 62.75 0.25
62 63 2
77 63 0.25
81 63.25 0.25
65 63.5 0.5
74 63.5 0.25
77 63.75 0.25
67 64 0.75
71 64 0.25
53 64.25 0.25
74 64.25 0.25
52 64.5 0.25
79 64.5 0.75
50 64.75 0.25
71 64.75 0.25
52 65 0.5
55 65 0.5
73 65 1
79 65.25 0.25
45 65.5 0.5
57 65.5 0.75
77 65.5 0.25
76 65.75 0.25
50 66 2.25
74 66 0.625
77 66 1.25
52 66.25 0.25
53 66.5 0.25
72 66.625 0.125
57 66.75 0.25
70 66.75 0.125
69 66.875 0.125
62 67 0.75
70 67 0.75
74 67.25 0.25
77 67.5 0.75
60 67.75 0.25
69 67.75 0.25
59 68 0.5
68 68 0.75
50 68.25 0.25
77 68.25 0.25
48 68.5 0.25
76 68.5 0.75
47 68.75 0.25
68 68.75 0.25
48 69 0.5
69 69 1.25
75 69.25 0.25
53 69.5 0.5
74 69.5 0.25
73 69.75 0.25
46 70 1.75
74 70 1.75
50 70.25 0.25
72 70.25 0.25
52 70.5 0.25
70 70.5 0.25
54 70.75 0.25
69 70.75 0.25
55 71 0.25
70 71 0.25
57 71.25 0.25
66 71.25 0.25
58 71.5 0.75
67 71.5 1.25
51 71.75 0.25
74 71.75 0.25
45 72 1.75
73 72 0.5
57 72.25 0.25
52 72.5 0.25
72 72.5 1.25
55 72.75 0.25
70 72.75 0.25
54 73 0.25
69 73 0.25
55 73.25 0.25
67 73.25 0.25
57 73.5 0.75
66 73.5 0.25
54 73.75 0.25
63 73.75 0.25
72 73.75 0.25
43 74 1.75
62 74 0.25
71 74 0.5
55 74.25 0.25
64 74.25 0.25
50 74.5 0.25
65 74.5 0.25
70 74.5 1.25
53 74.75 0.25
69 74.75 0.25
52 75 0.25
67 75 0.25
53 75.25 0.25
65 75.25 0.25
55 75.5 0.75
64 75.5 0.25
52 75.75 0.25
61 75.75 0.25
70 75.75 0.25
41 76 1.25
60 76 1.5
69 76 2
48 76.25 0.25
50 76.5 0.25
52 76.75 0.25
53 77 0.25
57 77.25 0.25
50 77.5 0.25
65 77.5 0.75
53 77.75 0.25
47 78 0.5
67 78 1.25
65 78.25 0.25
43 78.5 0.5
64 78.5 0.25
62 78.75 0.25
48 79 1.25
64 79 1
67 79.25 0.25
69 79.5 0.25
72 79.75 0.25
62 80 2.25
65 80 1.25
50 80.25 0.125
52 80.375 0.125
53 80.5 0.125
55 80.625 0.125
57 80.75 0.25
47 81 1
74 81.25 0.125
72 81.375 0.125
55 81.5 2
74 81.5 0.25
65 81.75 0.25
48 82 1.5
64 82 1.25
62 82.25 0.25
60 82.5 0.25
59 82.75 0.25
60 83 0.5
67 83.25 0.25
47 83.5 0.5
69 83.5 0.25
71 83.75 0.25
45 84 0.5
72 84 1.75
69 84.25 0.25
48 84.5 0.5
57 84.5 1.75
64 84.5 0.25
67 84.75 0.25
50 85 0.5
66 85 0.25
69 85.25 0.25
54 85.5 0.5
62 85.5 2
72 85.75 0.25
43 86 1.25
71 86 1.5
50 86.25 0.25
52 86.5 0.25
54 86.75 0.25
55 87 0.25
59 87.25 0.25
52 87.5 0.25
67 87.5 0.75
73 87.5 0.125
74 87.625 0.125
55 87.75 0.25
76 87.75 0.25
49 88 0.5
69 88 1.25
67 88.25 0.25
45 88.5 0.5
65 88.5 0.25
64 88.75 0.25
50 89 0.5
65 89 2
69 89.25 0.25
48 89.5 0.5
70 89.5 0.25
72 89.75 0.25
46 90 0.5
74 90 0.125
72 90.125 0.125
70 90.25 0.125
69 90.375 0.125
45 90.5 0.5
70 90.5 0.25
74 90.75 0.25
46 91 0.5
67 91 1.25
67 91 0.25
77 91.25 0.25
43 91.5 0.5
76 91.5 0.25
74 91.75 0.25
45 92 2.25
73 92 1.25
70 92.25 0.25
69 92.5 0.25
67 92.75 0.25
65 93 0.75
69 93.25 0.25
74 93.5 1
65 93.75 0.25
64 94 1.5
52 94.25 0.25
53 94.5 0.25
74 94.5 0.5
55 94.75 0.25
57 95 0.25
72 95 0.5
60 95.25 0.25
52 95.5 0.25
67 95.5 0.75
70 95.5 0.5
55 95.75 0.25
54 96 0.25
69 96 0.75
57 96.25 0.25
67 96.25 0.25
50 96.5 0.5
66 96.5 0.5
60 96.75 0.5
69 96.75 0.5
55 97 1.5
62 97 1.25
60 97.25 0.25
69 97.25 0.25
58 97.5 0.25
67 97.5 0.25
57 97.75 0.25
66 97.75 0.25
58 98 2
67 98 0.25
74 98.25 0.25
50 98.5 0.5
76 98.5 0.25
78 98.75 0.25
51 99 0.5
79 99 0.25
82 99.25 1
55 99.5 0.5
74 99.5 0.25
77 99.75 0.25
48 100 2
60 100 2.75
75 100 2.25
82 100.25 0.25
80 100.5 0.25
79 100.75 0.25
80 101 0.25
84 101.25 0.25
78 101.5 0.25
79 101.75 0.25
50 102 3
78 102 1.5
75 102.25 0.25
74 102.5 0.5
60 102.75 0.25
59 103 0.5
74 103.25 0.5
58 103.5 0.5
79 103.5 0.75
73 103.75 0.25
57 104 0.5
74 104 1.75
79 104.25 0.25
55 104.5 0.5
78 104.5 0.25
76 104.75 0.25
50 105 1
57 105 0.5
78 105 0.25
79 105.25 0.25
62 105.5 1
81 105.5 0.75
72 105.75 0.25
55 106 2.75
70 106 0.5
74 106.25 0.25
63 106.5 0.5
72 106.5 0.75
79 106.5 0.25
78 106.75 0.25
62 107 0.5
79 107 0.75
70 107.25 0.25
60 107.5 0.5
75 107.5 0.5
81 107.75 0.25
58 108 0.25
74 108 0.75
82 108 1.25
60 108.25 0.25
62 108.5 0.75
53 108.75 0.25
74 108.75 0.25
79 108.75 0.5
52 109 0.75
79 109 0.75
61 109.25 0.25
81 109.25 0.25
62 109.5 0.5
82 109.5 0.5
50 109.75 0.25
49 110 0.5
81 110 1.75
57 110.25 0.25
79 110.25 0.25
59 110.5 0.25
77 110.5 0.25
61 110.75 0.25
76 110.75 0.25
62 111 0.25
77 111 1.25
57 111.25 0.25
50 111.5 0.25
53 111.75 0.25
80 111.75 0.25
47 112 0.5
79 112 1.75
55 112.25 0.25
77 112.25 0.25
57 112.5 0.25
76 112.5 0.25
59 112.75 0.25
74 112.75 0.25
60 113 0.25
76 113 1.25
55 113.25 0.25
48 113.5 0.25
52 113.75 0.25
79 113.75 0.25
45 114 1
78 114 1.25
75 114.25 0.25
57 114.5 0.75
74 114.5 0.25
72 114.75 0.25
47 115 1
74 115 1.5
55 115.25 0.25
76 115.25 0.25
50 115.5 0.25
67 115.5 2
77 115.5 1
53 115.75 0.25
48 116 1.25
52 116 0.25
53 116.25 0.25
55 116.5 0.75
72 116.5 0.25
76 116.5 0.25
71 116.75 0.25
74 116.75 0.25
72 117 1
76 117 1.25
52 117.25 0.25
45 117.5 0.25
70 117.5 0.5
48 117.75 0.25
41 118 0.25
69 118 1.75
48 118.25 0.25
76 118.25 0.25
50 118.5 0.25
74 118.5 0.25
52 118.75 0.25
72 118.75 0.25
53 119 1.25
74 119 0.25
57 119.25 0.25
77 119.25 0.25
62 119.5 1.5
81 119.5 0.25
69 119.75 0.25
72 119.75 0.25
67 120 1
71 120 1
57 120.25 0.25
55 120.5 0.25
53 120.75 0.25
52 121 0.25
64 121 1.25
67 121 1.25
72 121 2.75
55 121.25 0.25
48 121.5 0.25
52 121.75 0.25
43 122 2
52 122.25 0.25
67 122.25 0.25
50 122.5 0.25
65 122.5 0.25
48 122.75 0.25
64 122.75 0.25
55 123 3.5
62 123 0.25
64 123.25 0.25
65 123.5 0.75
71 123.75 0.25
48 124 12
72 124 2
65 124.25 0.25
64 124.5 0.25
62 124.75 0.25
64 125 0.25
67 125.25 0.25
60 125.5 0.25
64 125.75 0.25
57 126 2
72 126.25 0.25
53 126.5 0.25
74 126.5 0.25
52 126.75 0.25
76 126.75 0.25
50 127 0.25
77 127 0.25
52 127.25 0.25
81 127.25 0.25
53 127.5 1
74 127.5 0.25
77 127.75 0.25
55 128 1.25
70 128 1.25
69 128.25 0.25
52 128.5 0.25
67 128.5 0.25
50 128.75 0.25
65 128.75 0.25
52 129 1
67 129 0.5
53 129.25 0.25
70 129.25 0.5
55 129.5 0.5
64 129.5 0.5
67 129.75 0.5
53 130 0.5
57 130 0.5
60 130 1
64 130.25 0.25
52 130.5 0.5
55 130.5 0.5
65 130.5 0.25
67 130.75 0.25
50 131 1
53 131 1
69 131 0.75
65 131.25 0.25
56 131.5 0.5
62 131.5 0.5
71 131.75 0.25
52 132 4
55 132 4
60 132 4
64 132 4
67 132 4
72 132 4
