108
67 0.5 0.25
65 0.75 0.25
67 1 0.5
60 1.5 0.5
69 2 0.125
67 2.125 0.125
69 2.25 0.75
67 3 1
65 4.5 0.25
64 4.75 0.25
65 5 0.25
67 5.25 0.25
64 5.5 0.25
65 5.75 0.25
62 6 0.25
65 6.25 0.25
64 6.5 0.25
65 6.75 0.25
67 7 0.25
69 7.25 0.25
65 7.5 0.25
67 7.75 0.25
64 8 0.25
62 8.25 0.25
64 8.5 0.25
72 8.5 0.25
65 8.75 0.25
71 8.75 0.25
64 9 0.25
72 9 0.5
65 9.25 0.25
62 9.5 0.25
67 9.5 0.5
64 9.75 0.25
60 10 0.25
76 10 0.125
74 10.125 0.125
59 10.25 0.25
76 10.25 0.75
60 10.5 0.25
62 10.75 0.25
60 11 0.25
74 11 1
62 11.25 0.25
59 11.5 0.25
60 11.75 0.25
57 12 0.25
59 12.25 0.25
60 12.5 0.25
72 12.5 0.25
62 12.75 0.25
71 12.75 0.25
64 13 0.25
72 13 0.25
66 13.25 0.25
74 13.25 0.25
67 13.5 1
71 13.5 0.25
72 13.75 0.25
69 14 0.25
72 14.25 0.25
66 14.5 0.25
71 14.5 0.25
64 14.75 0.25
72 14.75 0.25
67 15 0.125
74 15 0.25
66 15.125 0.125
67 15.25 0.125
76 15.25 0.25
66 15.375 0.625
72 15.5 0.25
74 15.75 0.25
67 16 2.25
71 16 0.25
69 16.25 0.25
55 16.5 0.25
71 16.5 0.25
53 16.75 0.25
72 16.75 0.25
55 17 0.5
71 17 0.25
72 17.25 0.25
48 17.5 0.5
69 17.5 0.25
71 17.75 0.25
57 18 0.125
72 18 0.75
55 18.125 0.125
57 18.25 0.75
64 18.25 0.25
65 18.5 0.75
69 18.75 0.25
55 19 1
70 19 0.75
62 19.25 0.25
64 19.5 1
67 19.75 0.25
69 20 1
53 20.5 0.25
62 20.5 0.5
52 20.75 0.25
53 21 0.25
67 21 1
71 21 0.5
55 21.25 0.25
52 21.5 0.25
72 21.5 1
53 21.75 0.25
50 22 0.25
65 22 0.25
53 22.25 0.25
69 22.25 0.25
52 22.5 0.25
67 22.5 0.25
72 22.5 1
53 22.75 0.25
69 22.75 0.25
55 23 0.25
62 23 1
57 23.25 0.25
53 23.5 0.25
71 23.5 0.5
55 23.75 0.25
52 24 0.25
60 24 0.5
72 24 0.5
50 24.25 0.25
52 24.5 0.25
79 24.5 0.25
53 24.75 0.25
77 24.75 0.25
52 25 0.25
79 25 0.5
53 25.25 0.25
50 25.5 0.25
72 25.5 0.5
52 25.75 0.25
53 26 0.25
81 26 1
52 26.25 0.25
53 26.5 0.25
72 26.5 0.25
55 26.75 0.25
71 26.75 0.25
53 27 0.25
72 27 0.5
79 27 1
55 27.25 0.25
52 27.5 0.25
67 27.5 0.5
53 27.75 0.25
50 28 0.25
74 28 1
78 28 0.5
49 28.25 0.25
50 28.5 0.25
81 28.5 0.25
52 28.75 0.25
79 28.75 0.25
54 29 0.25
72 29 1
81 29 0.5
55 29.25 0.25
52 29.5 0.25
74 29.5 0.5
54 29.75 0.25
55 30 0.25
71 30 0.5
83 30 1
54 30.25 0.25
55 30.5 0.25
74 30.5 0.25
57 30.75 0.25
72 30.75 0.25
55 31 0.25
74 31 0.5
81 31 1
57 31.25 0.25
53 31.5 0.25
69 31.5 0.5
55 31.75 0.25
52 32 0.25
76 32 1
80 32 0.5
50 32.25 0.25
52 32.5 0.25
83 32.5 0.25
54 32.75 0.25
81 32.75 0.25
56 33 0.25
74 33 1
83 33 0.5
57 33.25 0.25
54 33.5 0.25
76 33.5 0.5
56 33.75 0.25
57 34 0.25
72 34 0.5
84 34 2.5
56 34.25 0.25
57 34.5 0.25
76 34.5 0.25
59 34.75 0.25
74 34.75 0.25
57 35 0.25
76 35 0.5
59 35.25 0.25
55 35.5 0.25
81 35.5 0.5
57 35.75 0.25
54 36 0.25
74 36 2.5
55 36.25 0.25
52 36.5 0.25
84 36.5 0.5
54 36.75 0.25
55 37 0.25
83 37 0.5
57 37.25 0.25
59 37.5 0.25
79 37.5 0.5
55 37.75 0.25
60 38 0.25
76 38 1
59 38.25 0.25
60 38.5 0.25
72 38.5 0.25
62 38.75 0.25
71 38.75 0.25
60 39 0.25
69 39 0.5
78 39 0.5
62 39.25 0.25
59 39.5 0.25
71 39.5 1
79 39.5 1
60 39.75 0.25
62 40 2
69 40.5 0.25
78 40.5 0.25
67 40.75 0.25
76 40.75 0.25
69 41 0.5
78 41 0.75
62 41.5 0.5
79 41.75 0.25
55 42 0.5
71 42 1
79 42 0.5
67 42.5 0.25
76 42.5 0.5
65 42.75 0.25
67 43 0.25
69 43 1
73 43 0.5
69 43.25 0.25
65 43.5 0.25
74 43.5 0.75
67 43.75 0.25
64 44 2
79 44.25 0.25
67 44.5 0.25
82 44.5 0.25
65 44.75 0.25
81 44.75 0.25
67 45 0.25
79 45 0.25
69 45.25 0.25
77 45.25 0.25
65 45.5 0.25
76 45.5 0.25
67 45.75 0.25
74 45.75 0.25
64 46 0.25
73 46 0.5
67 46.25 0.25
62 46.5 0.5
65 46.5 0.25
74 46.5 1
67 46.75 0.25
53 47 0.5
69 47 0.25
70 47.25 0.25
57 47.5 0.5
67 47.5 0.25
73 47.5 0.5
69 47.75 0.25
50 48 0.5
65 48 0.25
64 48.25 0.25
65 48.5 0.25
74 48.5 0.25
67 48.75 0.25
73 48.75 0.25
65 49 0.25
74 49 0.5
67 49.25 0.25
64 49.5 0.25
69 49.5 0.5
65 49.75 0.25
62 50 0.25
77 50 1
60 50.25 0.25
62 50.5 0.25
64 50.75 0.25
62 51 0.25
76 51 1
64 51.25 0.25
60 51.5 0.25
62 51.75 0.25
59 52 0.25
60 52.25 0.25
62 52.5 0.25
74 52.5 0.25
64 52.75 0.25
72 52.75 0.25
66 53 0.25
74 53 0.25
68 53.25 0.25
76 53.25 0.25
69 53.5 1
72 53.5 0.25
74 53.75 0.25
71 54 0.25
74 54.25 0.25
68 54.5 0.25
72 54.5 0.25
66 54.75 0.25
74 54.75 0.25
69 55 0.125
76 55 0.25
68 55.125 0.125
69 55.25 0.125
77 55.25 0.25
68 55.375 0.625
74 55.5 0.25
76 55.75 0.25
69 56 0.25
72 56 0.5
68 56.25 0.25
69 56.5 0.25
76 56.5 0.25
71 56.75 0.25
74 56.75 0.25
69 57 0.25
76 57 0.5
71 57.25 0.25
67 57.5 0.25
72 57.5 0.5
69 57.75 0.25
66 58 0.25
81 58 0.5
64 58.25 0.25
66 58.5 0.25
72 58.5 0.5
67 58.75 0.25
66 59 0.25
69 59 0.5
67 59.25 0.25
64 59.5 0.25
74 59.5 0.5
66 59.75 0.25
67 60 0.25
71 60 0.5
66 60.25 0.25
67 60.5 0.25
74 60.5 0.25
69 60.75 0.25
72 60.75 0.25
67 61 0.25
74 61 0.5
69 61.25 0.25
65 61.5 0.25
71 61.5 0.5
67 61.75 0.25
64 62 0.25
79 62 0.5
62 62.25 0.25
64 62.5 0.25
70 62.5 0.5
65 62.75 0.25
64 63 0.25
67 63 0.5
65 63.25 0.25
62 63.5 0.25
72 63.5 0.5
64 63.75 0.25
65 64 0.25
69 64 0.5
64 64.25 0.25
65 64.5 0.25
74 64.5 0.25
67 64.75 0.25
72 64.75 0.25
65 65 0.25
74 65 0.25
67 65.25 0.25
76 65.25 0.25
64 65.5 0.25
72 65.5 0.25
65 65.75 0.25
74 65.75 0.25
62 66 0.5
71 66 0.25
69 66.25 0.25
67 66.5 0.25
71 66.5 0.25
65 66.75 0.25
72 66.75 0.25
67 67 0.25
71 67 0.25
69 67.25 0.25
72 67.25 0.25
65 67.5 0.25
69 67.5 0.25
67 67.75 0.25
71 67.75 0.25
64 68 0.25
67 68 0.5
62 68.25 0.25
64 68.5 0.25
72 68.5 0.25
65 68.75 0.25
71 68.75 0.25
64 69 0.25
72 69 0.25
65 69.25 0.25
74 69.25 0.25
62 69.5 0.25
70 69.5 0.25
64 69.75 0.25
72 69.75 0.25
60 70 0.5
69 70 0.25
67 70.25 0.25
65 70.5 0.25
69 70.5 0.25
64 70.75 0.25
70 70.75 0.25
65 71 0.25
69 71 0.25
67 71.25 0.25
70 71.25 0.25
64 71.5 0.25
67 71.5 0.25
65 71.75 0.25
69 71.75 0.25
62 72 0.25
67 72 0.125
65 72.125 0.125
60 72.25 0.25
67 72.25 0.125
65 72.375 0.125
62 72.5 0.25
67 72.5 0.125
65 72.625 1.875
64 72.75 0.25
62 73 0.25
64 73.25 0.25
60 73.5 0.25
62 73.75 0.25
59 74 0.25
57 74.25 0.25
59 74.5 0.25
74 74.5 0.25
60 74.75 0.25
72 74.75 0.25
59 75 0.25
74 75 0.5
60 75.25 0.25
57 75.5 0.25
65 75.5 0.5
59 75.75 0.25
60 76 1.5
64 76 0.25
62 76.25 0.25
48 76.5 0.25
64 76.5 0.25
47 76.75 0.25
65 76.75 0.25
48 77 0.5
64 77 0.25
65 77.25 0.25
43 77.5 0.5
59 77.5 0.75
62 77.5 0.25
64 77.75 0.25
52 78 0.125
60 78 0.75
50 78.125 0.125
52 78.25 0.75
59 78.25 0.25
57 78.5 0.75
60 78.75 0.25
50 79 1
59 79 0.75
57 79.25 0.25
55 79.5 1
59 79.75 0.25
57 80 1.5
48 80.5 0.25
55 80.5 0.5
47 80.75 0.25
48 81 0.25
54 81 0.5
50 81.25 0.25
47 81.5 0.25
55 81.5 0.75
59 81.5 0.5
48 81.75 0.25
45 82 0.25
60 82 1.5
48 82.25 0.25
54 82.25 0.25
47 82.5 0.25
55 82.5 0.25
48 82.75 0.25
52 82.75 0.25
50 83 0.25
54 83 1.5
52 83.25 0.25
48 83.5 0.25
57 83.5 0.5
50 83.75 0.25
47 84 0.25
62 84 1.5
50 84.25 0.25
48 84.5 0.25
59 84.5 0.5
50 84.75 0.25
52 85 0.25
55 85 1.5
53 85.25 0.25
50 85.5 0.25
59 85.5 0.5
52 85.75 0.25
48 86 0.25
64 86 1.5
52 86.25 0.25
50 86.5 0.25
60 86.5 0.5
52 86.75 0.25
53 87 0.25
57 87 1.5
55 87.25 0.25
52 87.5 0.25
60 87.5 0.5
53 87.75 0.25
50 88 0.25
65 88 1.5
53 88.25 0.25
52 88.5 0.25
62 88.5 0.5
53 88.75 0.25
55 89 0.25
59 89 1.5
57 89.25 0.25
53 89.5 0.25
62 89.5 0.5
55 89.75 0.25
52 90 0.25
67 90 1
50 90.25 0.25
52 90.5 0.25
59 90.5 0.5
53 90.75 0.25
52 91 0.25
60 91 0.5
69 91 0.5
53 91.25 0.25
50 91.5 0.25
62 91.5 0.5
71 91.5 0.5
52 91.75 0.25
48 92 0.25
64 92 0.5
72 92 7
50 92.25 0.25
52 92.5 0.25
67 92.5 0.25
50 92.75 0.25
65 92.75 0.25
48 93 0.25
67 93 0.5
46 93.25 0.25
45 93.5 0.25
60 93.5 0.5
43 93.75 0.25
41 94 0.25
69 94 0.125
67 94.125 0.125
40 94.25 0.25
69 94.25 0.75
41 94.5 0.25
43 94.75 0.25
41 95 0.25
67 95 1
43 95.25 0.25
40 95.5 0.25
41 95.75 0.25
38 96 0.25
45 96.25 0.25
47 96.5 0.25
65 96.5 0.25
48 96.75 0.25
64 96.75 0.25
50 97 0.25
65 97 0.25
52 97.25 0.25
67 97.25 0.25
53 97.5 0.25
64 97.5 0.25
50 97.75 0.25
65 97.75 0.25
55 98 6
62 98 0.25
65 98.25 0.25
64 98.5 0.25
65 98.75 0.25
67 99 0.25
71 99 1
69 99.25 0.25
65 99.5 0.25
67 99.75 0.25
64 100 0.25
62 100.25 0.25
64 100.5 0.25
72 100.5 0.25
65 100.75 0.25
71 100.75 0.25
64 101 0.25
72 101 0.5
65 101.25 0.25
62 101.5 0.25
67 101.5 0.5
64 101.75 0.25
60 102 0.25
76 102 1
59 102.25 0.25
60 102.5 0.25
62 102.75 0.25
60 103 0.25
74 103 1
62 103.25 0.25
59 103.5 0.25
60 103.75 0.25
57 104 0.25
59 104.25 0.25
60 104.5 0.25
72 104.5 0.25
62 104.75 0.25
71 104.75 0.25
64 105 0.25
72 105 0.25
66 105.25 0.25
74 105.25 0.25
59 105.5 0.5
67 105.5 1
71 105.5 0.25
72 105.75 0.25
60 106 0.5
69 106 0.25
72 106.25 0.25
57 106.5 0.5
67 106.5 1
71 106.5 0.25
72 106.75 0.25
62 107 0.5
74 107 0.25
76 107.25 0.25
50 107.5 0.5
66 107.5 0.5
72 107.5 0.25
74 107.75 0.25
43 108 0.25
67 108 1
71 108 0.5
42 108.25 0.25
43 108.5 0.25
74 108.5 0.25
45 108.75 0.25
72 108.75 0.25
47 109 0.25
74 109 0.5
48 109.25 0.25
45 109.5 0.25
67 109.5 0.5
47 109.75 0.25
48 110 0.25
76 110 1
47 110.25 0.25
48 110.5 0.25
67 110.5 0.25
50 110.75 0.25
65 110.75 0.25
48 111 0.25
67 111 0.5
74 111 1
50 111.25 0.25
47 111.5 0.25
60 111.5 0.5
48 111.75 0.25
45 112 0.25
69 112 1
72 112 0.5
44 112.25 0.25
45 112.5 0.25
76 112.5 0.25
47 112.75 0.25
74 112.75 0.25
48 113 0.25
67 113 1
76 113 0.5
50 113.25 0.25
47 113.5 0.25
69 113.5 0.5
48 113.75 0.25
50 114 0.25
65 114 0.5
77 114 1
48 114.25 0.25
50 114.5 0.25
69 114.5 0.25
52 114.75 0.25
67 114.75 0.25
50 115 0.25
69 115 0.5
76 115 1
52 115.25 0.25
48 115.5 0.25
64 115.5 0.5
50 115.75 0.25
47 116 0.25
71 116 1
74 116 0.5
45 116.25 0.25
47 116.5 0.25
77 116.5 0.25
48 116.75 0.25
76 116.75 0.25
50 117 0.25
69 117 1
77 117 0.5
52 117.25 0.25
48 117.5 0.25
71 117.5 0.5
50 117.75 0.25
52 118 0.25
67 118 0.5
79 118 1
50 118.25 0.25
52 118.5 0.25
71 118.5 0.25
53 118.75 0.25
69 118.75 0.25
52 119 0.25
71 119 0.5
77 119 1
53 119.25 0.25
50 119.5 0.25
67 119.5 0.5
52 119.75 0.25
48 120 0.25
72 120 1
76 120 0.5
47 120.25 0.25
48 120.5 0.25
77 120.5 0.5
50 120.75 0.25
52 121 0.25
70 121 1
79 121 2
53 121.25 0.25
50 121.5 0.25
52 121.75 0.25
53 122 0.25
69 122 2
55 122.25 0.25
53 122.5 0.25
52 122.75 0.25
50 123 0.25
77 123 2
48 123.25 0.25
47 123.5 0.25
45 123.75 0.25
47 124 0.25
67 124 2
43 124.25 0.25
45 124.5 0.25
47 124.75 0.25
48 125 0.25
76 125 2
50 125.25 0.25
47 125.5 0.25
48 125.75 0.25
45 126 0.25
65 126 3
48 126.25 0.25
47 126.5 0.25
48 126.75 0.25
50 127 0.25
74 127 0.5
52 127.25 0.25
53 127.5 0.25
72 127.5 0.5
50 127.75 0.25
55 128 0.25
71 128 0.5
57 128.25 0.25
53 128.5 0.25
67 128.5 0.5
55 128.75 0.25
57 129 0.25
64 129 1
72 129 2
59 129.25 0.25
55 129.5 0.25
57 129.75 0.25
53 130 0.25
62 130 1.25
55 130.25 0.25
52 130.5 0.25
53 130.75 0.25
55 131 0.25
71 131 1
57 131.25 0.25
65 131.25 0.25
53 131.5 0.25
64 131.5 0.25
55 131.75 0.25
62 131.75 0.25
52 132 0.5
67 132 0.25
72 132 0.5
69 132.25 0.25
53 132.5 0.5
65 132.5 0.25
74 132.5 0.5
67 132.75 0.25
55 133 0.5
64 133 0.5
67 133 0.25
72 133.25 0.5
56 133.5 0.5
62 133.5 0.5
71 133.75 0.25
45 134 0.5
60 134 6.5
72 134 0.25
65 134.25 0.25
55 134.5 0.25
64 134.5 0.25
53 134.75 0.25
62 134.75 0.25
55 135 0.5
64 135 0.25
65 135.25 0.25
48 135.5 0.5
62 135.5 0.25
64 135.75 0.25
57 136 1
65 136 0.25
64 136.25 0.25
65 136.5 0.25
67 136.75 0.25
55 137 1
65 137 0.25
67 137.25 0.25
64 137.5 0.25
65 137.75 0.25
62 138 0.25
60 138.25 0.25
53 138.5 0.25
62 138.5 0.25
52 138.75 0.25
64 138.75 0.25
53 139 0.5
62 139 0.25
64 139.25 0.25
50 139.5 0.5
60 139.5 0.25
62 139.75 0.25
55 140 1
64 140 0.25
62 140.25 0.25
60 140.5 1
64 140.5 0.25
65 140.75 0.25
53 141 1
64 141 0.25
65 141.25 0.25
59 141.5 0.5
62 141.5 0.25
64 141.75 0.25
52 142 0.25
60 142 0.5
60 142 6.5
50 142.25 0.25
52 142.5 0.25
55 142.5 0.25
53 142.75 0.25
53 142.75 0.25
52 143 0.25
55 143 0.5
53 143.25 0.25
48 143.5 0.5
50 143.5 0.25
52 143.75 0.25
53 144 0.25
57 144 1
52 144.25 0.25
53 144.5 0.25
55 144.75 0.25
53 145 0.25
55 145 1
55 145.25 0.25
52 145.5 0.25
53 145.75 0.25
50 146 0.25
48 146.25 0.25
50 146.5 0.25
53 146.5 0.25
52 146.75 0.25
52 146.75 0.25
50 147 0.25
53 147 0.5
48 147.25 0.25
47 147.5 0.25
50 147.5 0.5
45 147.75 0.25
43 148 0.25
55 148 1
41 148.25 0.25
43 148.5 0.25
59 148.5 0.5
45 148.75 0.25
43 149 0.25
57 149 0.5
60 149 0.5
41 149.25 0.25
40 149.5 0.25
59 149.5 0.5
62 149.5 0.5
38 149.75 0.25
36 150 0.25
60 150 0.5
64 150 0.5
48 150.25 0.25
52 150.5 0.25
58 150.5 0.25
67 150.5 0.25
48 150.75 0.25
57 150.75 0.25
65 150.75 0.25
36 151 0.25
58 151 0.5
67 151 0.5
48 151.25 0.25
55 151.5 0.25
60 151.5 0.5
64 151.5 0.5
48 151.75 0.25
36 152 0.25
65 152 1
69 152 1
38 152.25 0.25
40 152.5 0.25
41 152.75 0.25
43 153 0.25
64 153 1
67 153 1
45 153.25 0.25
47 153.5 0.25
48 153.75 0.25
36 154 0.25
48 154.25 0.25
50 154.5 0.25
65 154.5 0.25
48 154.75 0.25
64 154.75 0.25
36 155 0.25
65 155 0.5
48 155.25 0.25
53 155.5 0.25
62 155.5 0.5
48 155.75 0.25
47 156 0.25
67 156 1
48 156.25 0.25
47 156.5 0.25
62 156.5 0.25
45 156.75 0.25
60 156.75 0.25
43 157 0.25
62 157 0.5
65 157 1
41 157.25 0.25
40 157.5 0.25
55 157.5 0.5
38 157.75 0.25
36 158 0.25
60 158 0.5
64 158 0.5
48 158.25 0.25
50 158.5 0.25
59 158.5 0.5
65 158.5 0.5
68 158.5 0.5
48 158.75 0.25
52 159 0.25
60 159 0.5
64 159 0.5
67 159 0.5
48 159.25 0.25
53 159.5 0.25
62 159.5 0.5
68 159.5 0.5
71 159.5 0.5
48 159.75 0.25
55 160 0.25
64 160 0.5
67 160 0.5
72 160 0.5
48 160.25 0.25
56 160.5 0.25
59 160.5 0.5
62 160.5 0.5
65 160.5 0.5
48 160.75 0.25
55 161 0.25
60 161 0.5
60 161 0.5
64 161 0.5
48 161.25 0.25
47 161.5 0.25
64 161.5 0.5
72 161.5 0.5
48 161.75 0.25
41 162 0.5
57 162 0.5
62 162 0.5
62 162 0.5
72 162.5 0.5
43 163 0.5
55 163 0.5
62 163 0.5
65 163 0.5
71 163.5 0.5
36 164 2
60 164 2
64 164 2
67 164 2
72 164 2
