60
48 0 0.15625
72 0 0.15625
55 0.15625 0.15625
63 0.15625 0.15625
53 0.3125 0.15625
62 0.3125 0.15625
55 0.46875 0.15625
63 0.46875 0.15625
51 0.625 0.15625
60 0.625 0.15625
55 0.78125 0.15625
63 0.78125 0.15625
53 0.9375 0.15625
62 0.9375 0.15625
55 1.09375 0.15625
63 1.09375 0.15625
48 1.25 0.15625
72 1.25 0.15625
55 1.40625 0.15625
63 1.40625 0.15625
53 1.5625 0.15625
62 1.5625 0.15625
55 1.71875 0.15625
63 1.71875 0.15625
51 1.875 0.15625
60 1.875 0.15625
55 2.03125 0.15625
63 2.03125 0.15625
53 2.1875 0.15625
62 2.1875 0.15625
55 2.34375 0.15625
63 2.34375 0.15625
48 2.5 0.15625
68 2.5 0.15625
56 2.65625 0.15625
65 2.65625 0.15625
55 2.8125 0.15625
64 2.8125 0.15625
56 2.96875 0.15625
65 2.96875 0.15625
53 3.125 0.15625
60 3.125 0.15625
56 3.28125 0.15625
65 3.28125 0.15625
55 3.4375 0.15625
64 3.4375 0.15625
56 3.59375 0.15625
65 3.59375 0.15625
48 3.75 0.15625
68 3.75 0.15625
56 3.90625 0.15625
65 3.90625 0.15625
55 4.0625 0.15625
64 4.0625 0.15625
56 4.21875 0.15625
65 4.21875 0.15625
53 4.375 0.15625
60 4.375 0.15625
56 4.53125 0.15625
65 4.53125 0.15625
55 4.6875 0.15625
64 4.6875 0.15625
56 4.84375 0.15625
65 4.84375 0.15625
48 5 0.15625
71 5 0.15625
56 5.15625 0.15625
65 5.15625 0.15625
55 5.3125 0.15625
63 5.3125 0.15625
56 5.46875 0.15625
65 5.46875 0.15625
53 5.625 0.15625
62 5.625 0.15625
56 5.78125 0.15625
65 5.78125 0.15625
55 5.9375 0.15625
63 5.9375 0.15625
56 6.09375 0.15625
65 6.09375 0.15625
48 6.25 0.15625
71 6.25 0.15625
56 6.40625 0.15625
65 6.40625 0.15625
55 6.5625 0.15625
63 6.5625 0.15625
56 6.71875 0.15625
65 6.71875 0.15625
53 6.875 0.15625
62 6.875 0.15625
56 7.03125 0.15625
65 7.03125 0.15625
55 7.1875 0.15625
63 7.1875 0.15625
56 7.34375 0.15625
65 7.34375 0.15625
48 7.5 0.15625
72 7.5 0.15625
51 7.65625 0.15625
67 7.65625 0.15625
50 7.8125 0.15625
65 7.8125 0.15625
51 7.96875 0.15625
67 7.96875 0.15625
55 8.125 0.15625
63 8.125 0.15625
51 8.28125 0.15625
67 8.28125 0.15625
50 8.4375 0.15625
65 8.4375 0.15625
51 8.59375 0.15625
67 8.59375 0.15625
48 8.75 0.15625
72 8.75 0.15625
51 8.90625 0.15625
67 8.90625 0.15625
50 9.0625 0.15625
65 9.0625 0.15625
51 9.21875 0.15625
67 9.21875 0.15625
55 9.375 0.15625
63 9.375 0.15625
51 9.53125 0.15625
67 9.53125 0.15625
50 9.6875 0.15625
65 9.6875 0.15625
51 9.84375 0.15625
67 9.84375 0.15625
48 10 0.15625
75 10 0.15625
60 10.1562 0.15625
68 10.1562 0.15625
58 10.3125 0.15625
67 10.3125 0.15625
60 10.4688 0.15625
68 10.4688 0.15625
56 10.625 0.15625
63 10.625 0.15625
60 10.7812 0.15625
68 10.7812 0.15625
58 10.9375 0.15625
67 10.9375 0.15625
60 11.0938 0.15625
68 11.0938 0.15625
48 11.25 0.15625
75 11.25 0.15625
60 11.4062 0.15625
68 11.4062 0.15625
58 11.5625 0.15625
67 11.5625 0.15625
60 11.7188 0.15625
68 11.7188 0.15625
56 11.875 0.15625
63 11.875 0.15625
60 12.0312 0.15625
68 12.0312 0.15625
58 12.1875 0.15625
67 12.1875 0.15625
60 12.3438 0.15625
68 12.3438 0.15625
48 12.5 0.15625
74 12.5 0.15625
57 12.6562 0.15625
66 12.6562 0.15625
55 12.8125 0.15625
64 12.8125 0.15625
57 12.9688 0.15625
66 12.9688 0.15625
54 13.125 0.15625
62 13.125 0.15625
57 13.2812 0.15625
66 13.2812 0.15625
55 13.4375 0.15625
64 13.4375 0.15625
57 13.5938 0.15625
66 13.5938 0.15625
48 13.75 0.15625
74 13.75 0.15625
57 13.9062 0.15625
66 13.9062 0.15625
55 14.0625 0.15625
64 14.0625 0.15625
57 14.2188 0.15625
66 14.2188 0.15625
54 14.375 0.15625
62 14.375 0.15625
57 14.5312 0.15625
66 14.5312 0.15625
55 14.6875 0.15625
64 14.6875 0.15625
57 14.8438 0.15625
66 14.8438 0.15625
46 15 0.15625
74 15 0.15625
58 15.1562 0.15625
67 15.1562 0.15625
57 15.3125 0.15625
66 15.3125 0.15625
58 15.4688 0.15625
67 15.4688 0.15625
55 15.625 0.15625
62 15.625 0.15625
58 15.7812 0.15625
67 15.7812 0.15625
57 15.9375 0.15625
66 15.9375 0.15625
58 16.0938 0.15625
67 16.0938 0.15625
46 16.25 0.15625
74 16.25 0.15625
58 16.4062 0.15625
67 16.4062 0.15625
57 16.5625 0.15625
66 16.5625 0.15625
58 16.7188 0.15625
67 16.7188 0.15625
55 16.875 0.15625
62 16.875 0.15625
58 17.0312 0.15625
67 17.0312 0.15625
57 17.1875 0.15625
66 17.1875 0.15625
58 17.3438 0.15625
67 17.3438 0.15625
46 17.5 0.15625
72 17.5 0.15625
55 17.6562 0.15625
64 17.6562 0.15625
53 17.8125 0.15625
62 17.8125 0.15625
55 17.9688 0.15625
64 17.9688 0.15625
52 18.125 0.15625
60 18.125 0.15625
55 18.2812 0.15625
64 18.2812 0.15625
53 18.4375 0.15625
62 18.4375 0.15625
55 18.5938 0.15625
64 18.5938 0.15625
46 18.75 0.15625
72 18.75 0.15625
55 18.9062 0.15625
64 18.9062 0.15625
53 19.0625 0.15625
62 19.0625 0.15625
55 19.2188 0.15625
64 19.2188 0.15625
52 19.375 0.15625
60 19.375 0.15625
55 19.5312 0.15625
64 19.5312 0.15625
53 19.6875 0.15625
62 19.6875 0.15625
55 19.8438 0.15625
64 19.8438 0.15625
44 20 0.15625
72 20 0.15625
56 20.1562 0.15625
65 20.1562 0.15625
55 20.3125 0.15625
64 20.3125 0.15625
56 20.4688 0.15625
65 20.4688 0.15625
53 20.625 0.15625
60 20.625 0.15625
56 20.7812 0.15625
65 20.7812 0.15625
55 20.9375 0.15625
64 20.9375 0.15625
56 21.0938 0.15625
65 21.0938 0.15625
44 21.25 0.15625
72 21.25 0.15625
56 21.4062 0.15625
65 21.4062 0.15625
55 21.5625 0.15625
64 21.5625 0.15625
56 21.7188 0.15625
65 21.7188 0.15625
53 21.875 0.15625
60 21.875 0.15625
56 22.0312 0.15625
65 22.0312 0.15625
55 22.1875 0.15625
64 22.1875 0.15625
56 22.3438 0.15625
65 22.3438 0.15625
44 22.5 0.15625
70 22.5 0.15625
50 22.6562 0.15625
65 22.6562 0.15625
48 22.8125 0.15625
63 22.8125 0.15625
50 22.9688 0.15625
65 22.9688 0.15625
53 23.125 0.15625
62 23.125 0.15625
50 23.2812 0.15625
65 23.2812 0.15625
48 23.4375 0.15625
63 23.4375 0.15625
50 23.5938 0.15625
65 23.5938 0.15625
44 23.75 0.15625
70 23.75 0.15625
50 23.9062 0.15625
65 23.9062 0.15625
48 24.0625 0.15625
63 24.0625 0.15625
50 24.2188 0.15625
65 24.2188 0.15625
53 24.375 0.15625
62 24.375 0.15625
50 24.5312 0.15625
65 24.5312 0.15625
48 24.6875 0.15625
63 24.6875 0.15625
50 24.8438 0.15625
65 24.8438 0.15625
43 25 0.15625
70 25 0.15625
51 25.1562 0.15625
67 25.1562 0.15625
50 25.3125 0.15625
65 25.3125 0.15625
51 25.4688 0.15625
67 25.4688 0.15625
55 25.625 0.15625
63 25.625 0.15625
51 25.7812 0.15625
67 25.7812 0.15625
50 25.9375 0.15625
65 25.9375 0.15625
51 26.0938 0.15625
67 26.0938 0.15625
43 26.25 0.15625
70 26.25 0.15625
51 26.4062 0.15625
67 26.4062 0.15625
50 26.5625 0.15625
65 26.5625 0.15625
51 26.7188 0.15625
67 26.7188 0.15625
55 26.875 0.15625
63 26.875 0.15625
51 27.0312 0.15625
67 27.0312 0.15625
50 27.1875 0.15625
65 27.1875 0.15625
51 27.3438 0.15625
67 27.3438 0.15625
48 27.5 0.15625
68 27.5 0.15625
51 27.6562 0.15625
67 27.6562 0.15625
50 27.8125 0.15625
65 27.8125 0.15625
51 27.9688 0.15625
67 27.9688 0.15625
56 28.125 0.15625
63 28.125 0.15625
51 28.2812 0.15625
67 28.2812 0.15625
50 28.4375 0.15625
65 28.4375 0.15625
51 28.5938 0.15625
67 28.5938 0.15625
48 28.75 0.15625
68 28.75 0.15625
51 28.9062 0.15625
67 28.9062 0.15625
50 29.0625 0.15625
65 29.0625 0.15625
51 29.2188 0.15625
67 29.2188 0.15625
56 29.375 0.15625
63 29.375 0.15625
51 29.5312 0.15625
67 29.5312 0.15625
50 29.6875 0.15625
65 29.6875 0.15625
51 29.8438 0.15625
67 29.8438 0.15625
50 30 0.15625
68 30 0.15625
53 30.1562 0.15625
62 30.1562 0.15625
51 30.3125 0.15625
60 30.3125 0.15625
53 30.4688 0.15625
62 30.4688 0.15625
56 30.625 0.15625
58 30.625 0.15625
53 30.7812 0.15625
62 30.7812 0.15625
51 30.9375 0.15625
60 30.9375 0.15625
53 31.0938 0.15625
62 31.0938 0.15625
50 31.25 0.15625
68 31.25 0.15625
53 31.4062 0.15625
62 31.4062 0.15625
51 31.5625 0.15625
60 31.5625 0.15625
53 31.7188 0.15625
62 31.7188 0.15625
56 31.875 0.15625
58 31.875 0.15625
53 32.0312 0.15625
62 32.0312 0.15625
51 32.1875 0.15625
60 32.1875 0.15625
53 32.3438 0.15625
62 32.3438 0.15625
51 32.5 0.15625
67 32.5 0.15625
55 32.6562 0.15625
58 32.6562 0.15625
53 32.8125 0.15625
56 32.8125 0.15625
55 32.9688 0.15625
58 32.9688 0.15625
56 33.125 0.15625
63 33.125 0.15625
55 33.2812 0.15625
58 33.2812 0.15625
53 33.4375 0.15625
56 33.4375 0.15625
55 33.5938 0.15625
58 33.5938 0.15625
51 33.75 0.15625
67 33.75 0.15625
55 33.9062 0.15625
58 33.9062 0.15625
53 34.0625 0.15625
56 34.0625 0.15625
55 34.2188 0.15625
58 34.2188 0.15625
56 34.375 0.15625
63 34.375 0.15625
55 34.5312 0.15625
58 34.5312 0.15625
53 34.6875 0.15625
56 34.6875 0.15625
55 34.8438 0.15625
58 34.8438 0.15625
51 35 0.15625
65 35 0.15625
57 35.1562 0.15625
60 35.1562 0.15625
55 35.3125 0.15625
58 35.3125 0.15625
57 35.4688 0.15625
60 35.4688 0.15625
53 35.625 0.15625
57 35.625 0.15625
57 35.7812 0.15625
60 35.7812 0.15625
55 35.9375 0.15625
58 35.9375 0.15625
57 36.0938 0.15625
60 36.0938 0.15625
51 36.25 0.15625
65 36.25 0.15625
57 36.4062 0.15625
60 36.4062 0.15625
55 36.5625 0.15625
58 36.5625 0.15625
57 36.7188 0.15625
60 36.7188 0.15625
53 36.875 0.15625
57 36.875 0.15625
57 37.0312 0.15625
60 37.0312 0.15625
55 37.1875 0.15625
58 37.1875 0.15625
57 37.3438 0.15625
60 37.3438 0.15625
50 37.5 0.15625
65 37.5 0.15625
53 37.6562 0.15625
62 37.6562 0.15625
51 37.8125 0.15625
60 37.8125 0.15625
53 37.9688 0.15625
62 37.9688 0.15625
56 38.125 0.15625
59 38.125 0.15625
53 38.2812 0.15625
62 38.2812 0.15625
51 38.4375 0.15625
60 38.4375 0.15625
53 38.5938 0.15625
62 38.5938 0.15625
50 38.75 0.15625
65 38.75 0.15625
53 38.9062 0.15625
62 38.9062 0.15625
51 39.0625 0.15625
60 39.0625 0.15625
53 39.2188 0.15625
62 39.2188 0.15625
56 39.375 0.15625
59 39.375 0.15625
53 39.5312 0.15625
62 39.5312 0.15625
51 39.6875 0.15625
60 39.6875 0.15625
53 39.8438 0.15625
62 39.8438 0.15625
48 40 0.15625
65 40 0.15625
53 40.1562 0.15625
62 40.1562 0.15625
52 40.3125 0.15625
60 40.3125 0.15625
53 40.4688 0.15625
62 40.4688 0.15625
56 40.625 0.15625
59 40.625 0.15625
53 40.7812 0.15625
62 40.7812 0.15625
52 40.9375 0.15625
60 40.9375 0.15625
53 41.0938 0.15625
62 41.0938 0.15625
48 41.25 0.15625
65 41.25 0.15625
53 41.4062 0.15625
62 41.4062 0.15625
52 41.5625 0.15625
60 41.5625 0.15625
53 41.7188 0.15625
62 41.7188 0.15625
56 41.875 0.15625
59 41.875 0.15625
53 42.0312 0.15625
62 42.0312 0.15625
52 42.1875 0.15625
60 42.1875 0.15625
53 42.3438 0.15625
62 42.3438 0.15625
48 42.5 0.15625
63 42.5 0.15625
51 42.6562 0.15625
60 42.6562 0.15625
50 42.8125 0.15625
59 42.8125 0.15625
51 42.9688 0.15625
60 42.9688 0.15625
53 43.125 0.15625
55 43.125 0.15625
51 43.2812 0.15625
60 43.2812 0.15625
50 43.4375 0.15625
59 43.4375 0.15625
51 43.5938 0.15625
60 43.5938 0.15625
48 43.75 0.15625
63 43.75 0.15625
51 43.9062 0.15625
60 43.9062 0.15625
50 44.0625 0.15625
59 44.0625 0.15625
51 44.2188 0.15625
60 44.2188 0.15625
53 44.375 0.15625
55 44.375 0.15625
51 44.5312 0.15625
60 44.5312 0.15625
50 44.6875 0.15625
59 44.6875 0.15625
51 44.8438 0.15625
60 44.8438 0.15625
44 45 0.15625
53 45 0.15625
48 45.1562 0.15625
63 45.1562 0.15625
47 45.3125 0.15625
62 45.3125 0.15625
48 45.4688 0.15625
63 45.4688 0.15625
50 45.625 0.15625
65 45.625 0.15625
48 45.7812 0.15625
63 45.7812 0.15625
47 45.9375 0.15625
62 45.9375 0.15625
48 46.0938 0.15625
63 46.0938 0.15625
44 46.25 0.15625
53 46.25 0.15625
48 46.4062 0.15625
63 46.4062 0.15625
47 46.5625 0.15625
62 46.5625 0.15625
48 46.7188 0.15625
63 46.7188 0.15625
50 46.875 0.15625
65 46.875 0.15625
48 47.0312 0.15625
63 47.0312 0.15625
47 47.1875 0.15625
62 47.1875 0.15625
48 47.3438 0.15625
63 47.3438 0.15625
45 47.5 0.15625
54 47.5 0.15625
51 47.6562 0.15625
60 47.6562 0.15625
50 47.8125 0.15625
59 47.8125 0.15625
51 47.9688 0.15625
60 47.9688 0.15625
48 48.125 0.15625
63 48.125 0.15625
51 48.2812 0.15625
60 48.2812 0.15625
50 48.4375 0.15625
59 48.4375 0.15625
51 48.5938 0.15625
60 48.5938 0.15625
45 48.75 0.15625
54 48.75 0.15625
51 48.9062 0.15625
60 48.9062 0.15625
50 49.0625 0.15625
59 49.0625 0.15625
51 49.2188 0.15625
60 49.2188 0.15625
48 49.375 0.15625
63 49.375 0.15625
51 49.5312 0.15625
60 49.5312 0.15625
50 49.6875 0.15625
59 49.6875 0.15625
51 49.8438 0.15625
60 49.8438 0.15625
43 50 0.15625
63 50 0.15625
51 50.1562 0.15625
60 50.1562 0.15625
50 50.3125 0.15625
59 50.3125 0.15625
51 50.4688 0.15625
60 50.4688 0.15625
53 50.625 0.15625
55 50.625 0.15625
51 50.7812 0.15625
60 50.7812 0.15625
50 50.9375 0.15625
59 50.9375 0.15625
51 51.0938 0.15625
60 51.0938 0.15625
43 51.25 0.15625
63 51.25 0.15625
51 51.4062 0.15625
60 51.4062 0.15625
50 51.5625 0.15625
59 51.5625 0.15625
51 51.7188 0.15625
60 51.7188 0.15625
53 51.875 0.15625
55 51.875 0.15625
51 52.0312 0.15625
60 52.0312 0.15625
50 52.1875 0.15625
59 52.1875 0.15625
51 52.3438 0.15625
60 52.3438 0.15625
43 52.5 0.15625
66 52.5 0.15625
51 52.6562 0.15625
60 52.6562 0.15625
50 52.8125 0.15625
59 52.8125 0.15625
51 52.9688 0.15625
60 52.9688 0.15625
48 53.125 0.15625
57 53.125 0.15625
51 53.2812 0.15625
60 53.2812 0.15625
50 53.4375 0.15625
59 53.4375 0.15625
51 53.5938 0.15625
60 53.5938 0.15625
43 53.75 0.15625
66 53.75 0.15625
51 53.9062 0.15625
60 53.9062 0.15625
50 54.0625 0.15625
59 54.0625 0.15625
51 54.2188 0.15625
60 54.2188 0.15625
48 54.375 0.15625
57 54.375 0.15625
51 54.5312 0.15625
60 54.5312 0.15625
50 54.6875 0.15625
59 54.6875 0.15625
51 54.8438 0.15625
60 54.8438 0.15625
43 55 0.15625
67 55 0.15625
51 55.1562 0.15625
60 55.1562 0.15625
50 55.3125 0.15625
59 55.3125 0.15625
51 55.4688 0.15625
60 55.4688 0.15625
53 55.625 0.15625
62 55.625 0.15625
51 55.7812 0.15625
60 55.7812 0.15625
50 55.9375 0.15625
59 55.9375 0.15625
51 56.0938 0.15625
60 56.0938 0.15625
43 56.25 0.15625
67 56.25 0.15625
51 56.4062 0.15625
60 56.4062 0.15625
50 56.5625 0.15625
59 56.5625 0.15625
51 56.7188 0.15625
60 56.7188 0.15625
53 56.875 0.15625
62 56.875 0.15625
51 57.0312 0.15625
60 57.0312 0.15625
50 57.1875 0.15625
59 57.1875 0.15625
51 57.3438 0.15625
60 57.3438 0.15625
43 57.5 0.15625
68 57.5 0.15625
51 57.6562 0.15625
60 57.6562 0.15625
50 57.8125 0.15625
59 57.8125 0.15625
51 57.9688 0.15625
60 57.9688 0.15625
53 58.125 0.15625
62 58.125 0.15625
51 58.2812 0.15625
60 58.2812 0.15625
50 58.4375 0.15625
59 58.4375 0.15625
51 58.5938 0.15625
60 58.5938 0.15625
43 58.75 0.15625
68 58.75 0.15625
51 58.9062 0.15625
60 58.9062 0.15625
50 59.0625 0.15625
59 59.0625 0.15625
51 59.2188 0.15625
60 59.2188 0.15625
53 59.375 0.15625
62 59.375 0.15625
51 59.5312 0.15625
60 59.5312 0.15625
50 59.6875 0.15625
59 59.6875 0.15625
51 59.8438 0.15625
60 59.8438 0.15625
43 60 0.15625
47 60.1562 0.15625
50 60.3125 0.15625
53 60.4688 0.15625
56 60.625 0.15625
53 60.7812 0.15625
52 60.9375 0.15625
53 61.0938 0.15625
59 61.25 0.15625
53 61.4062 0.15625
62 61.5625 0.15625
59 61.7188 0.15625
56 61.875 0.15625
53 62.0312 0.15625
52 62.1875 0.15625
53 62.3438 0.15625
43 62.5 0.15625
48 62.6562 0.15625
51 62.8125 0.15625
55 62.9688 0.15625
60 63.125 0.15625
55 63.2812 0.15625
54 63.4375 0.15625
55 63.5938 0.15625
63 63.75 0.15625
60 63.9062 0.15625
67 64.0625 0.15625
63 64.2188 0.15625
60 64.375 0.15625
56 64.5312 0.15625
55 64.6875 0.15625
56 64.8438 0.15625
43 65 0.15625
45 65.1562 0.15625
54 65.3125 0.15625
60 65.4688 0.15625
63 65.625 0.15625
60 65.7812 0.15625
59 65.9375 0.15625
60 66.0938 0.15625
66 66.25 0.15625
60 66.4062 0.15625
69 66.5625 0.15625
66 66.7188 0.15625
63 66.875 0.15625
60 67.0312 0.15625
59 67.1875 0.15625
60 67.3438 0.15625
43 67.5 2.29167
74 68.125 0.104167
72 68.2292 0.104167
74 68.3333 0.104167
75 68.4375 0.104167
72 68.5417 0.104167
71 68.6458 0.104167
72 68.75 0.104167
69 68.8542 0.104167
72 68.9583 0.104167
71 69.0625 0.104167
72 69.1667 0.104167
74 69.2708 0.104167
71 69.375 0.104167
69 69.4792 0.104167
71 69.5833 0.104167
67 69.6875 0.104167
62 69.7917 0.104167
71 69.7917 0.104167
60 69.8958 0.104167
69 69.8958 0.104167
62 70 0.104167
71 70 0.104167
63 70.1042 0.104167
72 70.1042 0.104167
60 70.2083 0.104167
69 70.2083 0.104167
59 70.3125 0.104167
67 70.3125 0.104167
60 70.4167 0.104167
69 70.4167 0.104167
57 70.5208 0.104167
66 70.5208 0.104167
60 70.625 0.104167
69 70.625 0.104167
59 70.7292 0.104167
67 70.7292 0.104167
60 70.8333 0.104167
69 70.8333 0.104167
62 70.9375 0.104167
71 70.9375 0.104167
59 71.0417 0.104167
67 71.0417 0.104167
57 71.1458 0.104167
66 71.1458 0.104167
59 71.25 0.104167
67 71.25 0.104167
55 71.3542 0.104167
62 71.3542 0.104167
59 71.4583 0.104167
79 71.4583 0.104167
57 71.5625 0.104167
77 71.5625 0.104167
59 71.6667 0.104167
79 71.6667 0.104167
60 71.7708 0.104167
80 71.7708 0.104167
56 71.875 0.104167
77 71.875 0.104167
55 71.9792 0.104167
75 71.9792 0.104167
56 72.0833 0.104167
77 72.0833 0.104167
53 72.1875 0.104167
74 72.1875 0.104167
57 72.2917 0.104167
77 72.2917 0.104167
55 72.3958 0.104167
75 72.3958 0.104167
57 72.5 0.104167
77 72.5 0.104167
59 72.6042 0.104167
79 72.6042 0.104167
55 72.7083 0.104167
75 72.7083 0.104167
53 72.8125 0.104167
74 72.8125 0.104167
55 72.9167 0.104167
75 72.9167 0.104167
51 73.0208 0.104167
72 73.0208 0.104167
67 73.125 0.104167
75 73.125 0.104167
65 73.2292 0.104167
74 73.2292 0.104167
67 73.3333 0.104167
75 73.3333 0.104167
68 73.4375 0.104167
77 73.4375 0.104167
65 73.5417 0.104167
74 73.5417 0.104167
63 73.6458 0.104167
72 73.6458 0.104167
65 73.75 0.104167
74 73.75 0.104167
62 73.8542 0.104167
71 73.8542 0.104167
65 73.9583 0.104167
74 73.9583 0.104167
63 74.0625 0.104167
72 74.0625 0.104167
65 74.1667 0.104167
74 74.1667 0.104167
67 74.2708 0.104167
75 74.2708 0.104167
63 74.375 0.104167
72 74.375 0.104167
62 74.4792 0.104167
71 74.4792 0.104167
63 74.5833 0.104167
72 74.5833 0.104167
60 74.6875 0.104167
67 74.6875 0.104167
63 74.7917 0.104167
72 74.7917 0.104167
62 74.8958 0.104167
71 74.8958 0.104167
63 75 0.104167
72 75 0.104167
65 75.1042 0.104167
68 75.1042 0.104167
62 75.2083 0.104167
77 75.2083 0.104167
60 75.3125 0.104167
75 75.3125 0.104167
62 75.4167 0.104167
77 75.4167 0.104167
63 75.5208 0.104167
67 75.5208 0.104167
60 75.625 0.104167
75 75.625 0.104167
59 75.7292 0.104167
74 75.7292 0.104167
60 75.8333 0.104167
75 75.8333 0.104167
62 75.9375 0.104167
65 75.9375 0.104167
59 76.0417 0.104167
74 76.0417 0.104167
57 76.1458 0.104167
72 76.1458 0.104167
59 76.25 0.104167
74 76.25 0.104167
60 76.3542 0.104167
63 76.3542 0.104167
63 76.4583 0.104167
72 76.4583 0.104167
62 76.5625 0.104167
71 76.5625 0.104167
63 76.6667 0.104167
72 76.6667 0.104167
53 76.7708 0.104167
68 76.7708 0.104167
62 76.875 0.104167
65 76.875 0.104167
60 76.9792 0.104167
63 76.9792 0.104167
62 77.0833 0.104167
65 77.0833 0.104167
51 77.1875 0.104167
67 77.1875 0.104167
60 77.2917 0.104167
63 77.2917 0.104167
59 77.3958 0.104167
62 77.3958 0.104167
60 77.5 0.104167
63 77.5 0.104167
50 77.6042 0.104167
65 77.6042 0.104167
59 77.7083 0.104167
62 77.7083 0.104167
57 77.8125 0.104167
60 77.8125 0.104167
59 77.9167 0.104167
62 77.9167 0.104167
48 78.0208 4.84317
55 78.3308 4.5315
58 78.5408 4.32317
60 78.6983 4.16817
64 78.8223 2.5
60 81.3223 0.625
62 81.9473 0.5
64 82.4473 0.416667
65 82.864 0.312
67 83.174 0.25
68 83.426 0.208333
70 83.636 0.178393
72 83.8131 0.156111
70 83.9681 0.138889
68 84.1081 0.125
67 84.2341 0.113561
65 84.3469 0.416667
67 84.7635 0.208333
64 84.9719 0.208333
48 85.1802 4.21817
53 85.4902 3.9065
56 85.7002 3.69817
60 85.8577 3.54192
65 85.9817 0.104167
64 86.085 0.104167
65 86.19 1.66667
67 87.8567 0.625
65 88.4817 0.5
64 88.9817 0.416667
65 89.3984 0.3125
67 89.7109 0.25
68 89.9609 0.208333
67 90.1692 0.178571
65 90.3478 0.156111
63 90.5028 0.138889
62 90.6428 0.125
63 90.7688 0.113561
65 90.8815 0.104103
62 90.9848 0.0961538
63 91.0818 0.0892857
65 91.1718 0.0839167
59 91.2544 0.920139
36 91.8794 1.92014
47 92.0357 1.76389
50 92.1746 0.125
53 92.2996 0.125
56 92.4246 0.125
55 92.5496 0.125
53 92.6746 0.125
59 92.7996 0.125
53 92.9246 0.125
62 93.0496 0.125
53 93.1746 0.125
59 93.2996 0.125
56 93.4246 0.125
55 93.5496 0.125
53 93.6746 0.125
52 93.7996 0.208333
61 94.0079 0.125
58 94.1329 0.125
55 94.2579 0.125
60 94.3829 0.125
56 94.5079 0.125
53 94.6329 0.125
56 94.7579 0.125
55 94.8829 0.125
58 95.0079 0.125
55 95.1329 0.125
52 95.2579 0.125
56 95.3829 0.125
53 95.5079 0.125
50 95.6329 0.125
53 95.7579 0.125
52 95.8829 0.125
55 96.0079 0.125
52 96.1329 0.125
48 96.2579 0.125
53 96.3829 0.125
50 96.5079 0.125
47 96.6329 0.125
50 96.7579 0.125
36 96.8829 10.185
43 97.1954 0.294118
48 97.4895 9.57843
50 97.7673 0.263158
52 98.0305 0.25
55 98.2805 0.238095
58 98.5185 0.227273
55 98.7458 0.217391
56 98.9632 0.208333
60 99.1715 0.2
65 99.3715 0.192308
62 99.5639 0.185185
65 99.749 0.178571
68 99.9276 0.172414
72 100.1 0.178571
71 100.279 0.185185
72 100.464 0.25
67 100.714 0.3125
65 101.026 0.416667
62 101.443 0.625
64 102.068 5
