34
58 0 0.5
61 0 1
58 0.5 0.5
65 0.5 0.5
70 0.5 0.25
72 0.75 0.25
58 1 0.5
70 1 0.5
73 1 0.5
58 1.5 0.5
61 1.5 0.5
65 1.5 0.5
70 1.5 0.5
73 1.5 0.5
58 2 0.5
63 2 1
66 2 1
70 2 0.5
73 2 0.5
58 2.5 0.5
69 2.5 0.25
72 2.5 0.25
70 2.75 0.25
73 2.75 0.25
58 3 0.5
72 3 0.5
75 3 0.5
58 3.5 0.5
60 3.5 0.5
63 3.5 0.5
66 3.5 0.5
69 3.5 0.5
72 3.5 0.5
75 3.5 0.5
58 4 0.5
61 4 1
65 4 1
72 4 0.5
75 4 0.5
58 4.5 0.5
70 4.5 0.25
73 4.5 0.25
72 4.75 0.25
75 4.75 0.25
58 5 0.5
73 5 0.5
77 5 0.5
58 5.5 0.5
61 5.5 0.5
65 5.5 0.5
70 5.5 0.5
73 5.5 0.5
77 5.5 0.5
58 6 0.5
60 6 1
69 6 1
73 6 0.5
77 6 0.5
58 6.5 0.5
72 6.5 0.25
75 6.5 0.25
73 6.75 0.25
77 6.75 0.25
58 7 0.5
75 7 0.5
78 7 0.5
58 7.5 0.5
60 7.5 0.5
69 7.5 0.5
75 7.5 0.5
78 7.5 0.5
58 8 0.5
70 8 1
75 8 0.5
78 8 0.5
58 8.5 0.25
73 8.5 0.5
77 8.5 0.25
60 8.75 0.25
75 8.75 0.25
61 9 0.5
77 9 0.5
61 9.5 0.5
70 9.5 0.5
73 9.5 0.5
77 9.5 0.5
61 10 0.5
67 10 0.5
70 10 1
77 10 0.5
60 10.5 0.25
66 10.5 0.5
75 10.5 0.25
61 10.75 0.25
73 10.75 0.25
63 11 0.5
72 11 0.5
63 11.5 0.5
66 11.5 0.5
70 11.5 0.5
73 11.5 0.25
75 11.75 0.25
63 12 0.5
65 12 1
65 12 0.5
69 12 0.5
61 12.5 0.25
70 12.5 0.25
77 12.5 1
63 12.75 0.25
72 12.75 0.25
65 13 0.5
73 13 1.5
65 13.5 0.5
79 13.5 0.25
81 13.75 0.25
65 14 0.5
66 14 2.5
82 14 1.5
63 14.5 0.25
72 14.5 0.25
61 14.75 0.25
73 14.75 0.25
60 15 0.5
75 15 1.5
58 15.5 0.5
81 15.5 0.25
82 15.75 0.25
57 16 1.5
84 16 1.5
75 16.5 0.25
78 16.5 0.25
73 16.75 0.25
77 16.75 0.25
72 17 1.5
75 17 1.5
57 17.5 0.25
84 17.5 0.25
58 17.75 0.25
82 17.75 0.25
60 18 1.5
81 18 1.5
72 18.5 0.25
75 18.5 0.25
70 18.75 0.25
73 18.75 0.25
69 19 1.5
72 19 1.5
60 19.5 0.25
81 19.5 0.25
61 19.75 0.25
84 19.75 0.25
63 20 1.5
77 20 4.5
65 20.5 0.25
69 20.5 0.25
67 20.75 0.25
70 20.75 0.25
69 21 1.5
72 21 0.5
63 21.5 0.25
72 21.5 0.25
61 21.75 0.25
73 21.75 0.25
60 22 0.5
75 22 0.5
60 22.5 0.25
69 22.5 0.25
72 22.5 0.25
58 22.75 0.25
70 22.75 0.25
73 22.75 0.25
57 23 0.5
72 23 0.5
75 23 1.5
55 23.5 0.25
69 23.5 0.5
53 23.75 0.25
58 24 2.5
65 24 1.5
73 24.5 0.25
77 24.5 0.25
72 24.75 0.25
75 24.75 0.25
70 25 0.5
73 25 0.5
66 25.5 0.25
69 25.5 0.5
75 25.5 0.25
63 25.75 0.25
72 25.75 0.25
65 26 1
70 26 1
73 26 0.5
61 26.5 0.25
70 26.5 0.25
60 26.75 0.25
72 26.75 0.25
58 27 0.5
73 27 0.5
56 27.5 0.5
65 27.5 0.5
70 27.5 0.5
73 27.5 0.5
55 28 0.5
63 28 0.5
70 28 0.5
73 28 0.5
56 28.5 0.25
63 28.5 0.5
68 28.5 0.5
72 28.5 0.25
55 28.75 0.25
70 28.75 0.25
53 29 0.5
72 29 0.5
51 29.5 0.5
65 29.5 0.5
68 29.5 0.5
72 29.5 0.5
50 30 0.5
65 30 0.5
68 30 0.5
72 30 0.5
55 30.5 0.25
65 30.5 0.5
67 30.5 0.5
70 30.5 0.25
53 30.75 0.25
68 30.75 0.25
52 31 0.5
70 31 0.5
55 31.5 0.5
65 31.5 0.5
67 31.5 0.5
70 31.5 0.5
48 32 0.5
64 32 0.5
67 32 0.5
70 32 0.5
53 32.5 0.25
60 32.5 0.5
65 32.5 0.5
68 32.5 0.25
51 32.75 0.25
67 32.75 0.25
49 33 0.5
68 33 0.5
48 33.5 0.5
60 33.5 0.5
65 33.5 0.5
68 33.5 0.5
46 34 0.5
61 34 0.5
65 34 0.5
68 34 0.5
46 34.5 0.5
58 34.5 0.5
61 34.5 0.5
67 34.5 0.25
68 34.75 0.25
46 35 0.5
70 35 0.5
46 35.5 0.5
58 35.5 0.5
61 35.5 0.5
67 35.5 0.5
46 36 0.5
55 36 0.5
60 36 0.5
64 36 0.5
44 36.5 0.5
56 36.5 1
65 36.5 0.25
72 36.5 1
64 36.75 0.25
49 37 0.5
65 37 0.5
49 37.5 0.5
55 37.5 0.25
65 37.5 0.5
70 37.5 0.25
53 37.75 0.25
68 37.75 0.25
49 38 0.5
55 38 0.5
65 38 0.5
70 38 0.5
48 38.5 0.25
55 38.5 0.5
64 38.5 0.25
70 38.5 1
46 38.75 0.25
62 38.75 0.25
48 39 0.5
55 39 0.5
64 39 0.5
48 39.5 0.5
60 39.5 0.5
64 39.5 0.5
68 39.5 0.25
67 39.75 0.25
48 40 0.5
60 40 0.5
64 40 0.5
68 40 0.5
41 40.5 0.5
60 40.5 1
65 40.5 0.25
68 40.5 1
63 40.75 0.25
46 41 0.5
61 41 0.5
46 41.5 0.5
58 41.5 0.25
61 41.5 0.5
66 41.5 0.25
57 41.75 0.25
65 41.75 0.25
46 42 0.5
58 42 0.5
61 42 0.5
66 42 0.5
46 42.5 0.5
54 42.5 0.25
70 42.5 0.25
73 42.5 1
53 42.75 0.25
69 42.75 0.25
46 43 0.5
54 43 1
70 43 1
46 43.5 0.5
72 43.5 0.25
70 43.75 0.25
46 44 0.5
55 44 0.5
72 44 0.5
76 44 0.5
44 44.5 0.5
56 44.5 0.25
65 44.5 0.25
72 44.5 0.5
55 44.75 0.25
67 44.75 0.25
49 45 0.5
53 45 1.5
68 45 0.5
77 45 2
48 45.5 0.5
68 45.5 0.5
72 45.5 0.5
46 46 0.5
68 46 0.5
73 46 0.5
49 46.5 0.5
52 46.5 0.25
67 46.5 0.25
70 46.5 0.5
53 46.75 0.25
68 46.75 0.25
48 47 0.5
55 47 0.5
70 47 0.5
76 47 1
48 47.5 0.5
55 47.5 0.5
70 47.5 0.5
72 47.5 0.5
41 48 1
53 48 1
70 48 0.5
72 48 0.5
77 48 1
68 48.5 0.25
72 48.5 0.25
67 48.75 0.25
70 48.75 0.25
68 49 1
72 49 1
53 49.5 0.5
77 49.5 0.25
75 49.75 0.25
58 50 1
74 50 1
68 50.5 0.25
71 50.5 0.25
66 50.75 0.25
70 50.75 0.25
65 51 1
68 51 1
58 51.5 0.5
75 51.5 0.25
77 51.75 0.25
51 52 1
78 52 1
63 52.5 0.25
66 52.5 0.25
65 52.75 0.25
68 52.75 0.25
66 53 1
70 53 1
51 53.5 0.5
75 53.5 0.25
73 53.75 0.25
56 54 1
72 54 1
60 54.5 0.25
63 54.5 0.25
61 54.75 0.25
65 54.75 0.25
63 55 1
66 55 1
56 55.5 0.5
73 55.5 0.25
75 55.75 0.25
49 56 1
77 56 1
65 56.5 0.25
68 56.5 0.25
63 56.75 0.25
66 56.75 0.25
61 57 0.5
65 57 0.5
49 57.5 0.5
61 57.5 0.5
65 57.5 0.5
73 57.5 0.25
72 57.75 0.25
54 58 0.5
61 58 0.5
66 58 0.5
70 58 0.5
54 58.5 0.25
61 58.5 0.5
66 58.5 0.5
70 58.5 0.5
53 58.75 0.25
51 59 0.5
63 59 0.5
70 59 0.5
78 59 0.5
51 59.5 0.5
63 59.5 0.25
70 59.5 0.5
78 59.5 0.25
65 59.75 0.25
77 59.75 0.25
60 60 0.5
66 60 0.5
70 60 0.5
75 60 0.5
60 60.5 0.25
66 60.5 0.5
69 60.5 0.25
75 60.5 0.5
58 60.75 0.25
70 60.75 0.25
57 61 0.5
66 61 0.5
72 61 0.5
84 61 0.5
57 61.5 0.5
65 61.5 0.5
72 61.5 0.5
84 61.5 0.25
82 61.75 0.25
63 62 0.5
72 62 0.5
77 62 0.5
81 62 0.5
65 62.5 0.25
72 62.5 0.5
77 62.5 0.5
81 62.5 0.5
63 62.75 0.25
62 63 0.5
70 63 0.5
77 63 0.5
82 63 0.5
62 63.5 0.5
70 63.5 0.5
77 63.5 0.5
82 63.5 0.25
80 63.75 0.25
63 64 0.5
70 64 0.5
77 64 0.5
78 64 0.5
63 64.5 0.25
70 64.5 0.5
75 64.5 0.5
78 64.5 0.5
61 64.75 0.25
60 65 0.5
70 65 0.5
75 65 0.5
78 65 0.5
60 65.5 0.25
69 65.5 0.25
75 65.5 0.5
78 65.5 0.5
58 65.75 0.25
70 65.75 0.25
57 66 0.5
72 66 0.5
75 66 0.5
78 66 0.5
57 66.5 0.5
65 66.5 0.25
73 66.5 0.25
77 66.5 0.5
63 66.75 0.25
72 66.75 0.25
58 67 0.5
61 67 0.5
70 67 0.5
77 67 0.5
58 67.5 0.25
61 67.5 0.5
70 67.5 0.5
78 67.5 0.25
56 67.75 0.25
77 67.75 0.25
54 68 0.5
61 68 0.5
70 68 0.5
75 68 0.5
54 68.5 0.25
60 68.5 0.25
69 68.5 0.25
75 68.5 0.25
53 68.75 0.25
61 68.75 0.25
70 68.75 0.25
73 68.75 0.25
51 69 0.5
63 69 0.5
70 69 0.5
72 69 0.5
51 69.5 0.25
65 69.5 0.5
69 69.5 0.25
72 69.5 0.25
49 69.75 0.25
70 69.75 0.25
73 69.75 0.25
48 70 0.5
66 70 0.5
69 70 0.5
75 70 0.5
48 70.5 0.25
66 70.5 0.5
69 70.5 0.25
72 70.5 0.25
46 70.75 0.25
70 70.75 0.25
73 70.75 0.25
45 71 0.5
65 71 0.5
72 71 0.5
75 71 0.5
41 71.5 0.5
65 71.5 0.5
70 71.5 0.25
73 71.5 0.25
69 71.75 0.25
72 71.75 0.25
46 72 0.5
65 72 1
70 72 1
73 72 2.5
46 72.5 0.25
44 72.75 0.25
42 73 0.5
42 73.5 0.25
65 73.5 0.5
70 73.5 0.5
41 73.75 0.25
39 74 0.5
66 74 1
70 74 1
39 74.5 0.5
78 74.5 0.25
77 74.75 0.25
39 75 0.5
75 75 0.25
73 75.25 0.25
39 75.5 0.5
63 75.5 0.25
66 75.5 0.5
72 75.5 0.25
61 75.75 0.25
70 75.75 0.25
41 76 0.5
60 76 0.5
65 76 1
69 76 0.5
53 76.5 0.5
57 76.5 0.25
65 76.5 0.25
58 76.75 0.25
67 76.75 0.25
53 77 0.5
60 77 0.5
69 77 0.5
53 77.5 0.5
60 77.5 0.5
63 77.5 0.5
65 77.5 0.5
69 77.5 0.5
53 78 0.5
58 78 1
61 78 1
65 78 0.5
69 78 0.5
53 78.5 0.5
64 78.5 0.25
67 78.5 0.25
65 78.75 0.25
69 78.75 0.25
53 79 0.5
67 79 0.5
70 79 0.5
53 79.5 0.5
61 79.5 0.5
64 79.5 0.5
67 79.5 0.5
70 79.5 0.5
53 80 0.5
60 80 0.5
64 80 0.5
67 80 0.5
70 80 0.5
53 80.5 0.5
60 80.5 0.25
65 80.5 0.5
69 80.5 0.25
61 80.75 0.25
67 80.75 0.25
70 80.75 0.25
53 81 0.5
63 81 0.5
69 81 0.5
72 81 0.5
53 81.5 0.5
63 81.5 0.5
65 81.5 0.5
69 81.5 0.5
72 81.5 0.5
53 82 0.5
61 82 0.5
65 82 1
69 82 0.5
72 82 0.5
53 82.5 0.5
61 82.5 0.25
67 82.5 0.25
70 82.5 0.25
60 82.75 0.25
69 82.75 0.25
72 82.75 0.25
53 83 0.5
58 83 0.5
70 83 0.5
73 83 0.5
53 83.5 0.5
58 83.5 0.25
65 83.5 0.5
70 83.5 0.5
73 83.5 0.5
56 83.75 0.25
53 84 0.5
54 84 0.5
66 84 0.5
70 84 0.5
73 84 0.5
51 84.5 0.25
54 84.5 0.25
66 84.5 0.5
69 84.5 0.25
72 84.5 0.25
49 84.75 0.25
53 84.75 0.25
70 84.75 0.25
73 84.75 0.25
48 85 0.5
51 85 0.5
54 85 0.5
66 85 0.5
69 85 0.5
72 85 0.5
75 85 0.5
48 85.5 0.25
51 85.5 0.25
54 85.5 0.5
66 85.5 0.5
69 85.5 0.5
72 85.5 0.25
75 85.5 0.25
46 85.75 0.25
49 85.75 0.25
73 85.75 0.25
77 85.75 0.25
45 86 1
48 86 1
51 86 1
54 86 1
66 86 1
69 86 1
72 86 1
75 86 1
78 86 1
57 87.5 0.5
65 87.5 0.5
72 87.5 0.5
77 87.5 0.5
58 88 0.5
65 88 0.5
70 88 0.5
73 88 0.5
54 88.5 0.25
58 88.5 0.25
70 88.5 0.5
75 88.5 0.25
51 88.75 0.25
66 88.75 0.25
72 88.75 0.25
53 89 1.5
53 89 0.5
65 89 0.5
70 89 0.5
73 89 0.5
41 89.5 0.5
63 89.5 0.5
69 89.5 0.5
72 89.5 0.25
70 89.75 0.25
46 90 0.5
62 90 0.5
70 90 6
70 90 0.5
46 90.5 0.5
53 90.5 0.25
62 90.5 0.25
65 90.5 0.25
51 90.75 0.25
63 90.75 0.25
66 90.75 0.25
46 91 0.5
50 91 0.25
65 91 0.5
68 91 0.5
48 91.25 0.25
46 91.5 0.5
51 91.5 0.25
65 91.5 0.5
68 91.5 0.5
50 91.75 0.25
46 92 0.5
50 92 0.5
65 92 0.5
68 92 0.5
46 92.5 0.5
51 92.5 0.25
63 92.5 1
66 92.5 1
53 92.75 0.25
46 93 0.5
54 93 0.5
46 93.5 0.5
54 93.5 0.5
62 93.5 0.25
65 93.5 0.25
60 93.75 0.25
63 93.75 0.25
46 94 2
53 94 2
62 94 2
65 94 2
