60
49 0 0.46875
77 0 0.117188
73 0.117188 0.117188
68 0.234375 0.117188
73 0.351562 0.117188
61 0.46875 0.234375
77 0.46875 0.117188
73 0.585938 0.117188
51 0.703125 0.46875
78 0.703125 0.117188
73 0.820312 0.117188
78 0.9375 0.117188
73 1.05469 0.117188
61 1.17188 0.234375
78 1.17188 0.117188
73 1.28906 0.117188
53 1.40625 0.46875
80 1.40625 0.117188
73 1.52344 0.117188
80 1.64062 0.117188
73 1.75781 0.117188
61 1.875 0.234375
80 1.875 0.117188
73 1.99219 0.117188
54 2.10938 0.46875
82 2.10938 0.117188
73 2.22656 0.117188
82 2.34375 0.117188
73 2.46094 0.117188
61 2.57812 0.234375
82 2.57812 0.117188
73 2.69531 0.117188
53 2.8125 0.46875
80 2.8125 0.117188
73 2.92969 0.117188
80 3.04688 0.117188
73 3.16406 0.117188
61 3.28125 0.234375
80 3.28125 0.117188
73 3.39844 0.117188
51 3.51562 0.46875
78 3.51562 0.117188
77 3.63281 0.117188
75 3.75 0.117188
77 3.86719 0.117188
60 3.98438 0.234375
78 3.98438 0.117188
75 4.10156 0.117188
49 4.21875 0.46875
77 4.21875 0.117188
75 4.33594 0.117188
73 4.45312 0.117188
75 4.57031 0.117188
61 4.6875 0.46875
77 4.6875 0.117188
73 4.80469 0.117188
75 4.92188 0.117188
77 5.03906 0.117188
60 5.15625 0.117188
75 5.15625 0.117188
58 5.27344 0.117188
73 5.27344 0.117188
56 5.39062 0.117188
72 5.39062 0.117188
58 5.50781 0.117188
70 5.50781 0.117188
60 5.625 0.117188
68 5.625 0.46875
56 5.74219 0.117188
51 5.85938 0.117188
56 5.97656 0.117188
60 6.09375 0.117188
80 6.09375 0.234375
56 6.21094 0.117188
61 6.32812 0.117188
70 6.32812 0.46875
56 6.44531 0.117188
61 6.5625 0.117188
56 6.67969 0.117188
61 6.79688 0.117188
80 6.79688 0.234375
56 6.91406 0.117188
63 7.03125 0.117188
72 7.03125 0.46875
56 7.14844 0.117188
63 7.26562 0.117188
56 7.38281 0.117188
63 7.5 0.117188
80 7.5 0.234375
56 7.61719 0.117188
65 7.73438 0.117188
73 7.73438 0.46875
56 7.85156 0.117188
65 7.96875 0.117188
56 8.08594 0.117188
65 8.20312 0.117188
80 8.20312 0.234375
56 8.32031 0.117188
63 8.4375 0.117188
72 8.4375 0.46875
56 8.55469 0.117188
63 8.67188 0.117188
56 8.78906 0.117188
63 8.90625 0.117188
80 8.90625 0.234375
56 9.02344 0.117188
61 9.14062 0.117188
70 9.14062 0.46875
60 9.25781 0.117188
58 9.375 0.117188
60 9.49219 0.117188
61 9.60938 0.117188
79 9.60938 0.234375
58 9.72656 0.117188
60 9.84375 0.117188
68 9.84375 0.46875
58 9.96094 0.117188
56 10.0781 0.117188
58 10.1953 0.117188
60 10.3125 0.117188
80 10.3125 0.46875
56 10.4297 0.117188
58 10.5469 0.117188
59 10.6641 0.117188
58 10.7812 0.117188
78 10.7812 0.117188
56 10.8984 0.117188
77 10.8984 0.117188
54 11.0156 0.117188
75 11.0156 0.117188
53 11.1328 0.117188
77 11.1328 0.117188
51 11.25 0.46875
78 11.25 0.117188
75 11.3672 0.117188
70 11.4844 0.117188
75 11.6016 0.117188
63 11.7188 0.234375
78 11.7188 0.117188
75 11.8359 0.117188
53 11.9531 0.46875
80 11.9531 0.117188
75 12.0703 0.117188
80 12.1875 0.117188
75 12.3047 0.117188
63 12.4219 0.234375
80 12.4219 0.117188
75 12.5391 0.117188
54 12.6562 0.46875
82 12.6562 0.117188
75 12.7734 0.117188
82 12.8906 0.117188
75 13.0078 0.117188
63 13.125 0.234375
82 13.125 0.117188
75 13.2422 0.117188
56 13.3594 0.46875
83 13.3594 0.117188
75 13.4766 0.117188
83 13.5938 0.117188
75 13.7109 0.117188
63 13.8281 0.234375
83 13.8281 0.117188
75 13.9453 0.117188
54 14.0625 0.46875
82 14.0625 0.117188
75 14.1797 0.117188
82 14.2969 0.117188
75 14.4141 0.117188
63 14.5312 0.234375
82 14.5312 0.117188
75 14.6484 0.117188
53 14.7656 0.46875
80 14.7656 0.117188
78 14.8828 0.117188
77 15 0.117188
78 15.1172 0.117188
62 15.2344 0.234375
80 15.2344 0.117188
77 15.3516 0.117188
51 15.4688 0.46875
78 15.4688 0.117188
77 15.5859 0.117188
75 15.7031 0.117188
77 15.8203 0.117188
63 15.9375 0.46875
78 15.9375 0.117188
75 16.0547 0.117188
77 16.1719 0.117188
78 16.2891 0.117188
61 16.4062 0.117188
77 16.4062 0.117188
60 16.5234 0.117188
75 16.5234 0.117188
58 16.6406 0.117188
73 16.6406 0.117188
60 16.7578 0.117188
72 16.7578 0.117188
61 16.875 0.117188
70 16.875 0.46875
58 16.9922 0.117188
53 17.1094 0.117188
58 17.2266 0.117188
61 17.3438 0.117188
82 17.3438 0.234375
58 17.4609 0.117188
63 17.5781 0.117188
72 17.5781 0.46875
58 17.6953 0.117188
63 17.8125 0.117188
58 17.9297 0.117188
63 18.0469 0.117188
82 18.0469 0.234375
58 18.1641 0.117188
65 18.2812 0.117188
73 18.2812 0.46875
58 18.3984 0.117188
65 18.5156 0.117188
58 18.6328 0.117188
65 18.75 0.117188
82 18.75 0.234375
58 18.8672 0.117188
66 18.9844 0.117188
75 18.9844 0.46875
58 19.1016 0.117188
66 19.2188 0.117188
58 19.3359 0.117188
66 19.4531 0.117188
82 19.4531 0.234375
58 19.5703 0.117188
65 19.6875 0.117188
73 19.6875 0.46875
58 19.8047 0.117188
65 19.9219 0.117188
58 20.0391 0.117188
65 20.1562 0.117188
82 20.1562 0.234375
58 20.2734 0.117188
63 20.3906 0.117188
72 20.3906 0.46875
61 20.5078 0.117188
60 20.625 0.117188
61 20.7422 0.117188
63 20.8594 0.117188
81 20.8594 0.234375
60 20.9766 0.117188
61 21.0938 0.117188
70 21.0938 0.46875
60 21.2109 0.117188
58 21.3281 0.117188
60 21.4453 0.117188
61 21.5625 0.117188
82 21.5625 0.46875
58 21.6797 0.117188
64 21.7969 0.117188
62 21.9141 0.117188
60 22.0312 0.117188
80 22.0312 0.234375
62 22.1484 0.117188
64 22.2656 0.117188
79 22.2656 0.234375
62 22.3828 0.117188
65 22.5 0.117188
80 22.5 0.234375
64 22.6172 0.117188
65 22.7344 0.117188
68 22.7344 0.234375
67 22.8516 0.117188
65 22.9688 0.117188
80 22.9688 0.46875
63 23.0859 0.117188
62 23.2031 0.117188
60 23.3203 0.117188
58 23.4375 0.117188
78 23.4375 0.234375
60 23.5547 0.117188
62 23.6719 0.117188
77 23.6719 0.234375
58 23.7891 0.117188
63 23.9062 0.234375
78 23.9062 0.117188
77 24.0234 0.117188
51 24.1406 0.234375
75 24.1406 0.117188
77 24.2578 0.117188
63 24.375 0.46875
78 24.375 0.117188
75 24.4922 0.117188
81 24.6094 0.117188
79 24.7266 0.117188
61 24.8438 0.234375
77 24.8438 0.117188
79 24.9609 0.117188
60 25.0781 0.234375
81 25.0781 0.117188
77 25.1953 0.117188
61 25.3125 0.234375
82 25.3125 0.117188
81 25.4297 0.117188
49 25.5469 0.234375
82 25.5469 0.117188
84 25.6641 0.117188
61 25.7812 0.46875
82 25.7812 0.117188
80 25.8984 0.117188
79 26.0156 0.117188
77 26.1328 0.117188
60 26.25 0.234375
75 26.25 0.117188
77 26.3672 0.117188
58 26.4844 0.234375
79 26.4844 0.117188
75 26.6016 0.117188
60 26.7188 0.117188
80 26.7188 0.234375
58 26.8359 0.117188
56 26.9531 0.117188
68 26.9531 0.234375
58 27.0703 0.117188
60 27.1875 0.117188
80 27.1875 0.46875
56 27.3047 0.117188
62 27.4219 0.117188
60 27.5391 0.117188
58 27.6562 0.117188
78 27.6562 0.234375
60 27.7734 0.117188
62 27.8906 0.117188
77 27.8906 0.234375
58 28.0078 0.117188
63 28.125 0.117188
78 28.125 0.234375
62 28.2422 0.117188
63 28.3594 0.117188
66 28.3594 0.234375
65 28.4766 0.117188
63 28.5938 0.117188
78 28.5938 0.46875
61 28.7109 0.117188
60 28.8281 0.117188
58 28.9453 0.117188
56 29.0625 0.117188
77 29.0625 0.234375
58 29.1797 0.117188
60 29.2969 0.117188
75 29.2969 0.234375
56 29.4141 0.117188
61 29.5312 0.234375
77 29.5312 0.117188
75 29.6484 0.117188
49 29.7656 0.234375
73 29.7656 0.117188
75 29.8828 0.117188
61 30 0.46875
77 30 0.117188
73 30.1172 0.117188
79 30.2344 0.117188
77 30.3516 0.117188
59 30.4688 0.234375
75 30.4688 0.117188
77 30.5859 0.117188
58 30.7031 0.234375
79 30.7031 0.117188
75 30.8203 0.117188
59 30.9375 0.234375
80 30.9375 0.117188
79 31.0547 0.117188
47 31.1719 0.234375
80 31.1719 0.117188
82 31.2891 0.117188
59 31.4062 0.46875
80 31.4062 0.117188
78 31.5234 0.117188
77 31.6406 0.117188
75 31.7578 0.117188
58 31.875 0.234375
73 31.875 0.117188
75 31.9922 0.117188
56 32.1094 0.234375
77 32.1094 0.117188
73 32.2266 0.117188
58 32.3438 0.117188
66 32.3438 0.46875
54 32.4609 0.117188
49 32.5781 0.117188
54 32.6953 0.117188
58 32.8125 0.117188
78 32.8125 0.234375
54 32.9297 0.117188
59 33.0469 0.117188
68 33.0469 0.46875
54 33.1641 0.117188
59 33.2812 0.117188
54 33.3984 0.117188
59 33.5156 0.117188
78 33.5156 0.234375
54 33.6328 0.117188
61 33.75 0.117188
70 33.75 0.46875
54 33.8672 0.117188
61 33.9844 0.117188
54 34.1016 0.117188
61 34.2188 0.117188
78 34.2188 0.234375
54 34.3359 0.117188
63 34.4531 0.117188
71 34.4531 0.46875
54 34.5703 0.117188
63 34.6875 0.117188
54 34.8047 0.117188
63 34.9219 0.117188
78 34.9219 0.234375
54 35.0391 0.117188
61 35.1562 0.117188
70 35.1562 0.46875
54 35.2734 0.117188
61 35.3906 0.117188
54 35.5078 0.117188
61 35.625 0.117188
78 35.625 0.234375
54 35.7422 0.117188
59 35.8594 0.117188
68 35.8594 0.46875
58 35.9766 0.117188
56 36.0938 0.117188
58 36.2109 0.117188
59 36.3281 0.117188
77 36.3281 0.234375
56 36.4453 0.117188
58 36.5625 0.117188
66 36.5625 0.46875
56 36.6797 0.117188
54 36.7969 0.117188
56 36.9141 0.117188
58 37.0312 0.117188
78 37.0312 0.46875
54 37.1484 0.117188
56 37.2656 0.117188
58 37.3828 0.117188
56 37.5 0.117188
77 37.5 0.117188
54 37.6172 0.117188
75 37.6172 0.117188
53 37.7344 0.117188
73 37.7344 0.117188
51 37.8516 0.117188
75 37.8516 0.117188
49 37.9688 0.46875
77 37.9688 0.117188
73 38.0859 0.117188
68 38.2031 0.117188
73 38.3203 0.117188
61 38.4375 0.234375
77 38.4375 0.117188
73 38.5547 0.117188
51 38.6719 0.46875
78 38.6719 0.117188
73 38.7891 0.117188
78 38.9062 0.117188
73 39.0234 0.117188
61 39.1406 0.234375
78 39.1406 0.117188
73 39.2578 0.117188
53 39.375 0.46875
80 39.375 0.117188
73 39.4922 0.117188
80 39.6094 0.117188
73 39.7266 0.117188
61 39.8438 0.234375
80 39.8438 0.117188
73 39.9609 0.117188
54 40.0781 0.46875
82 40.0781 0.117188
73 40.1953 0.117188
82 40.3125 0.117188
73 40.4297 0.117188
61 40.5469 0.234375
82 40.5469 0.117188
73 40.6641 0.117188
53 40.7812 0.46875
80 40.7812 0.117188
73 40.8984 0.117188
80 41.0156 0.117188
73 41.1328 0.117188
61 41.25 0.234375
80 41.25 0.117188
73 41.3672 0.117188
51 41.4844 0.46875
78 41.4844 0.117188
77 41.6016 0.117188
75 41.7188 0.117188
77 41.8359 0.117188
60 41.9531 0.234375
78 41.9531 0.117188
75 42.0703 0.117188
49 42.1875 0.46875
77 42.1875 0.117188
75 42.3047 0.117188
73 42.4219 0.117188
75 42.5391 0.117188
61 42.6562 0.234375
77 42.6562 0.117188
73 42.7734 0.117188
54 42.8906 0.234375
75 42.8906 0.117188
77 43.0078 0.117188
53 43.125 0.234375
75 43.125 0.117188
73 43.2422 0.117188
51 43.3594 0.234375
72 43.3594 0.117188
70 43.4766 0.117188
56 43.5938 0.234375
72 43.5938 0.117188
68 43.7109 0.117188
66 43.8281 0.234375
68 43.9453 0.117188
63 44.0625 0.234375
68 44.1797 0.117188
56 44.2969 0.234375
72 44.2969 0.117188
68 44.4141 0.117188
66 44.5312 0.234375
68 44.6484 0.117188
63 44.7656 0.234375
68 44.8828 0.117188
56 45 0.234375
73 45 0.117188
68 45.1172 0.117188
65 45.2344 0.234375
68 45.3516 0.117188
61 45.4688 0.234375
68 45.5859 0.117188
56 45.7031 0.234375
73 45.7031 0.117188
68 45.8203 0.117188
65 45.9375 0.234375
68 46.0547 0.117188
61 46.1719 0.234375
68 46.2891 0.117188
56 46.4062 0.234375
78 46.4062 0.117188
68 46.5234 0.117188
63 46.6406 0.234375
68 46.7578 0.117188
60 46.875 0.234375
68 46.9922 0.117188
56 47.1094 0.234375
78 47.1094 0.117188
68 47.2266 0.117188
63 47.3438 0.234375
68 47.4609 0.117188
60 47.5781 0.234375
68 47.6953 0.117188
56 47.8125 0.234375
77 47.8125 0.117188
68 47.9297 0.117188
65 48.0469 0.234375
68 48.1641 0.117188
61 48.2812 0.234375
68 48.3984 0.117188
56 48.5156 0.234375
77 48.5156 0.117188
68 48.6328 0.117188
65 48.75 0.234375
68 48.8672 0.117188
61 48.9844 0.234375
68 49.1016 0.117188
56 49.2188 0.234375
79 49.2188 0.117188
70 49.3359 0.117188
64 49.4531 0.234375
70 49.5703 0.117188
61 49.6875 0.234375
70 49.8047 0.117188
56 49.9219 0.234375
79 49.9219 0.117188
70 50.0391 0.117188
64 50.1562 0.234375
70 50.2734 0.117188
61 50.3906 0.234375
70 50.5078 0.117188
56 50.625 0.234375
80 50.625 0.117188
72 50.7422 0.117188
63 50.8594 0.234375
72 50.9766 0.117188
60 51.0938 0.234375
72 51.2109 0.117188
54 51.3281 0.234375
80 51.3281 0.117188
72 51.4453 0.117188
63 51.5625 0.234375
72 51.6797 0.117188
60 51.7969 0.234375
72 51.9141 0.117188
53 52.0312 0.234375
80 52.0312 0.117188
73 52.1484 0.117188
65 52.2656 0.234375
68 52.3828 0.117188
61 52.5 0.234375
73 52.6172 0.117188
56 52.7344 0.234375
77 52.8516 0.117188
53 52.9688 0.234375
80 53.0859 0.117188
51 53.2031 0.234375
82 53.3203 0.117188
50 53.4375 0.234375
83 53.4375 0.117188
82 53.5547 0.117188
53 53.6719 0.234375
80 53.6719 0.117188
78 53.7891 0.117188
58 53.9062 0.234375
77 53.9062 0.117188
75 54.0234 0.117188
62 54.1406 0.234375
77 54.1406 0.117188
78 54.2578 0.117188
65 54.375 0.234375
80 54.375 0.117188
83 54.4922 0.117188
68 54.6094 0.234375
82 54.6094 0.117188
80 54.7266 0.117188
66 54.8438 0.234375
82 54.8438 0.117188
75 54.9609 0.117188
63 55.0781 0.234375
66 55.1953 0.117188
58 55.3125 0.234375
70 55.4297 0.117188
54 55.5469 0.234375
75 55.6641 0.117188
51 55.7812 0.234375
78 55.8984 0.117188
49 56.0156 0.234375
80 56.1328 0.117188
48 56.25 0.234375
81 56.25 0.117188
80 56.3672 0.117188
51 56.4844 0.234375
78 56.4844 0.117188
76 56.6016 0.117188
56 56.7188 0.234375
75 56.7188 0.117188
73 56.8359 0.117188
60 56.9531 0.234375
75 56.9531 0.117188
76 57.0703 0.117188
63 57.1875 0.234375
78 57.1875 0.117188
81 57.3047 0.117188
66 57.4219 0.234375
80 57.4219 0.117188
78 57.5391 0.117188
64 57.6562 0.234375
80 57.6562 0.117188
73 57.7734 0.117188
61 57.8906 0.234375
76 58.0078 0.117188
57 58.125 0.234375
73 58.2422 0.117188
54 58.3594 0.234375
69 58.4766 0.117188
63 58.5938 0.234375
66 58.7109 0.117188
60 58.8281 0.234375
75 58.9453 0.117188
52 59.0625 0.234375
68 59.1797 0.117188
61 59.2969 0.234375
64 59.4141 0.117188
57 59.5312 0.234375
73 59.6484 0.117188
54 59.7656 0.234375
69 59.8828 0.117188
51 60 0.234375
66 60.1172 0.117188
48 60.2344 0.234375
63 60.3516 0.117188
44 60.4688 0.234375
60 60.4688 0.117188
56 60.5859 0.117188
54 60.7031 0.234375
56 60.8203 0.117188
51 60.9375 0.234375
56 61.0547 0.117188
44 61.1719 0.234375
60 61.1719 0.117188
56 61.2891 0.117188
54 61.4062 0.234375
56 61.5234 0.117188
51 61.6406 0.234375
56 61.7578 0.117188
44 61.875 0.234375
61 61.875 0.117188
56 61.9922 0.117188
53 62.1094 0.234375
56 62.2266 0.117188
49 62.3438 0.234375
56 62.4609 0.117188
44 62.5781 0.234375
61 62.5781 0.117188
56 62.6953 0.117188
53 62.8125 0.234375
56 62.9297 0.117188
49 63.0469 0.234375
56 63.1641 0.117188
44 63.2812 0.234375
66 63.2812 0.117188
56 63.3984 0.117188
51 63.5156 0.234375
56 63.6328 0.117188
48 63.75 0.234375
56 63.8672 0.117188
44 63.9844 0.234375
66 63.9844 0.117188
56 64.1016 0.117188
51 64.2188 0.234375
56 64.3359 0.117188
48 64.4531 0.234375
56 64.5703 0.117188
44 64.6875 0.234375
65 64.6875 0.117188
56 64.8047 0.117188
53 64.9219 0.234375
56 65.0391 0.117188
49 65.1562 0.234375
56 65.2734 0.117188
44 65.3906 0.234375
65 65.3906 0.117188
56 65.5078 0.117188
53 65.625 0.234375
56 65.7422 0.117188
49 65.8594 0.234375
56 65.9766 0.117188
44 66.0938 0.234375
67 66.0938 0.117188
58 66.2109 0.117188
52 66.3281 0.234375
58 66.4453 0.117188
49 66.5625 0.234375
58 66.6797 0.117188
44 66.7969 0.234375
67 66.7969 0.117188
58 66.9141 0.117188
52 67.0312 0.234375
58 67.1484 0.117188
49 67.2656 0.234375
58 67.3828 0.117188
44 67.5 0.117188
48 67.6172 0.117188
51 67.7344 0.117188
54 67.8516 0.117188
57 67.9688 0.117188
60 68.0859 0.117188
61 68.2031 0.117188
64 68.3203 0.117188
67 68.4375 0.117188
70 68.5547 0.117188
73 68.6719 0.117188
76 68.7891 0.117188
44 68.9062 0.234375
72 68.9062 0.117188
75 69.0234 0.117188
78 69.1406 0.117188
75 69.2578 0.117188
72 69.375 0.117188
68 69.4922 0.117188
66 69.6094 0.117188
63 69.7266 0.117188
60 69.8438 0.117188
56 69.9609 0.117188
60 70.0781 0.117188
63 70.1953 0.117188
56 70.3125 0.234375
65 70.3125 0.117188
68 70.4297 0.117188
73 70.5469 0.117188
68 70.6641 0.117188
65 70.7812 0.117188
61 70.8984 0.117188
58 71.0156 0.117188
55 71.1328 0.117188
52 71.25 0.117188
49 71.3672 0.117188
52 71.4844 0.117188
55 71.6016 0.117188
44 71.7188 1.19918
49 72.0072 0.375
53 72.0072 0.375
56 72.0072 0.375
65 72.0072 0.375
68 72.0072 0.375
73 72.0072 0.375
51 72.3822 0.535714
54 72.3822 0.535714
56 72.3822 0.535714
63 72.3822 0.535714
68 72.3822 0.535714
72 72.3822 0.535714
49 72.9179 2.8125
53 72.9179 2.8125
56 72.9179 2.8125
61 72.9179 2.8125
68 72.9179 2.8125
73 72.9179 2.8125
