115
50 0 0.125
74 0 0.5
49 0.125 0.125
50 0.25 0.75
72 0.5 0.25
70 0.75 0.25
38 1 1
69 1 0.25
67 1.25 0.25
65 1.5 0.25
64 1.75 0.25
62 2 0.25
65 2.25 0.25
64 2.5 0.25
62 2.75 0.25
70 3 0.25
67 3.25 0.25
38 3.5 0.5
62 3.5 0.25
67 3.75 0.25
43 4 0.5
70 4 0.25
67 4.25 0.25
46 4.5 0.5
62 4.5 0.25
67 4.75 0.25
50 5 0.125
70 5 0.25
49 5.125 0.125
50 5.25 0.75
67 5.25 0.25
62 5.5 0.25
67 5.75 0.25
69 6 0.25
67 6.25 0.25
38 6.5 0.5
62 6.5 0.25
67 6.75 0.25
41 7 0.5
69 7 0.25
65 7.25 0.25
45 7.5 0.5
62 7.5 0.25
65 7.75 0.25
50 8 0.125
69 8 0.25
49 8.125 0.125
50 8.25 0.75
65 8.25 0.25
62 8.5 0.25
65 8.75 0.25
67 9 0.25
64 9.25 0.25
58 9.5 0.5
62 9.5 0.25
64 9.75 0.25
52 10 0.5
67 10 0.25
64 10.25 0.25
55 10.5 0.5
61 10.5 0.25
64 10.75 0.25
49 11 0.5
67 11 0.25
64 11.25 0.25
57 11.5 0.5
61 11.5 0.25
64 11.75 0.25
50 12 1
65 12 1
62 12.25 0.25
60 12.5 0.25
58 12.75 0.25
57 13 0.25
55 13.25 0.25
53 13.5 0.25
52 13.75 0.25
50 14 0.25
53 14.25 0.25
52 14.5 0.25
50 14.75 0.25
58 15 0.25
55 15.25 0.25
50 15.5 0.25
62 15.5 0.5
55 15.75 0.25
58 16 0.25
67 16 0.5
55 16.25 0.25
50 16.5 0.25
70 16.5 0.5
55 16.75 0.25
58 17 0.25
74 17 0.125
73 17.125 0.125
55 17.25 0.25
74 17.25 0.75
50 17.5 0.25
55 17.75 0.25
57 18 0.25
55 18.25 0.25
50 18.5 0.25
62 18.5 0.5
55 18.75 0.25
57 19 0.25
65 19 0.5
53 19.25 0.25
50 19.5 0.25
69 19.5 0.5
53 19.75 0.25
57 20 0.25
74 20 0.125
73 20.125 0.125
53 20.25 0.25
74 20.25 0.75
50 20.5 0.25
53 20.75 0.25
55 21 0.25
52 21.25 0.25
50 21.5 0.25
67 21.5 0.5
52 21.75 0.25
55 22 0.25
73 22 0.5
52 22.25 0.25
49 22.5 0.25
76 22.5 0.5
52 22.75 0.25
55 23 0.25
73 23 0.5
52 23.25 0.25
49 23.5 0.25
69 23.5 0.5
52 23.75 0.25
53 24 0.25
74 24 0.5
50 24.25 0.25
52 24.5 0.25
72 24.5 0.25
53 24.75 0.25
70 24.75 0.25
55 25 0.25
69 25 0.25
57 25.25 0.25
67 25.25 0.25
59 25.5 0.25
65 25.5 0.25
61 25.75 0.25
64 25.75 0.25
62 26 0.25
65 26 0.5
60 26.25 0.25
59 26.5 0.25
69 26.5 0.75
57 26.75 0.25
59 27 0.25
60 27.25 0.25
67 27.25 0.25
59 27.5 0.25
69 27.5 0.25
57 27.75 0.25
71 27.75 0.25
55 28 0.25
72 28 0.25
53 28.25 0.25
74 28.25 0.25
52 28.5 0.25
76 28.5 0.25
50 28.75 0.25
77 28.75 0.25
52 29 0.5
79 29 0.25
77 29.25 0.25
55 29.5 0.5
76 29.5 0.25
74 29.75 0.25
48 30 0.5
76 30 0.25
72 30.25 0.25
50 30.5 0.25
70 30.5 0.25
52 30.75 0.25
69 30.75 0.25
53 31 0.25
67 31 0.25
55 31.25 0.25
65 31.25 0.25
57 31.5 0.25
64 31.5 0.25
58 31.75 0.25
62 31.75 0.25
60 32 0.25
64 32 0.5
58 32.25 0.25
57 32.5 0.25
67 32.5 0.75
55 32.75 0.25
57 33 0.25
58 33.25 0.25
65 33.25 0.25
57 33.5 0.25
67 33.5 0.25
55 33.75 0.25
69 33.75 0.25
53 34 0.25
70 34 0.25
51 34.25 0.25
72 34.25 0.25
50 34.5 0.25
74 34.5 0.25
48 34.75 0.25
75 34.75 0.25
50 35 0.5
77 35 0.25
75 35.25 0.25
53 35.5 0.5
74 35.5 0.25
72 35.75 0.25
46 36 0.5
74 36 0.25
77 36.25 0.25
58 36.5 0.25
74 36.5 0.25
60 36.75 0.25
72 36.75 0.25
62 37 0.5
70 37 0.25
74 37.25 0.25
65 37.5 0.5
70 37.5 0.25
69 37.75 0.25
58 38 0.5
67 38 0.25
70 38.25 0.25
62 38.5 0.5
67 38.5 0.25
65 38.75 0.25
55 39 0.25
64 39 0.5
58 39.25 0.25
55 39.5 0.25
76 39.5 0.25
53 39.75 0.25
77 39.75 0.25
52 40 0.25
79 40 0.5
55 40.25 0.25
52 40.5 0.25
82 40.5 0.5
50 40.75 0.25
49 41 0.25
76 41 0.5
52 41.25 0.25
49 41.5 0.25
79 41.5 0.5
47 41.75 0.25
45 42 0.5
73 42 0.25
79 42.25 0.25
57 42.5 0.25
73 42.5 0.25
59 42.75 0.25
71 42.75 0.25
61 43 0.5
69 43 0.25
76 43.25 0.25
64 43.5 0.5
69 43.5 0.25
67 43.75 0.25
57 44 0.5
65 44 0.25
73 44.25 0.25
55 44.5 0.5
65 44.5 0.25
64 44.75 0.25
53 45 0.25
62 45 0.5
62 45.25 0.25
53 45.5 0.25
74 45.5 0.25
52 45.75 0.25
76 45.75 0.25
50 46 0.25
77 46 0.5
57 46.25 0.25
50 46.5 0.25
81 46.5 0.5
48 46.75 0.25
46 47 0.25
74 47 0.5
53 47.25 0.25
46 47.5 0.25
72 47.5 0.5
45 47.75 0.25
43 48 0.5
70 48 0.25
79 48.25 0.25
55 48.5 0.25
70 48.5 0.25
57 48.75 0.25
69 48.75 0.25
58 49 0.5
67 49 0.25
70 49.25 0.25
62 49.5 0.5
67 49.5 0.25
65 49.75 0.25
55 50 0.5
63 50 0.25
70 50.25 0.25
58 50.5 0.5
63 50.5 0.25
62 50.75 0.25
57 51 0.5
61 51 0.25
69 51.25 0.25
61 51.5 0.25
64 51.5 0.5
59 51.75 0.25
57 52 0.5
61 52 0.25
69 52.25 0.25
61 52.5 0.25
64 52.5 0.5
69 52.75 0.25
57 53 0.5
61 53 0.25
69 53.25 0.25
61 53.5 0.25
64 53.5 0.5
69 53.75 0.25
55 54 0.5
61 54 0.25
69 54.25 0.25
61 54.5 0.25
64 54.5 0.5
59 54.75 0.25
55 55 0.5
61 55 0.25
69 55.25 0.25
61 55.5 0.25
64 55.5 0.5
69 55.75 0.25
55 56 0.5
61 56 0.25
69 56.25 0.25
61 56.5 0.25
64 56.5 0.5
69 56.75 0.25
53 57 0.5
62 57 0.25
69 57.25 0.25
62 57.5 0.25
65 57.5 0.5
61 57.75 0.25
53 58 0.5
62 58 0.25
69 58.25 0.25
62 58.5 0.25
65 58.5 0.5
69 58.75 0.25
53 59 0.5
62 59 0.25
69 59.25 0.25
62 59.5 0.25
65 59.5 0.5
69 59.75 0.25
61 60 0.5
64 60 0.25
69 60.25 0.25
64 60.5 0.25
67 60.5 0.5
62 60.75 0.25
61 61 0.5
64 61 0.25
69 61.25 0.25
64 61.5 0.25
67 61.5 0.5
69 61.75 0.25
61 62 0.5
64 62 0.25
69 62.25 0.25
64 62.5 0.25
67 62.5 0.5
69 62.75 0.25
62 63 0.5
65 63 0.125
69 63.125 0.125
71 63.25 0.125
73 63.375 0.125
65 63.5 0.5
74 63.5 0.25
69 63.75 0.25
62 64 0.5
65 64 0.25
69 64.25 0.25
65 64.5 0.5
74 64.5 0.25
69 64.75 0.25
62 65 0.5
65 65 0.25
69 65.25 0.25
65 65.5 0.5
74 65.5 0.25
69 65.75 0.25
60 66 0.5
66 66 0.25
74 66.25 0.25
66 66.5 0.25
69 66.5 0.5
64 66.75 0.25
60 67 0.5
66 67 0.25
74 67.25 0.25
66 67.5 0.25
69 67.5 0.5
74 67.75 0.25
60 68 0.5
66 68 0.25
74 68.25 0.25
66 68.5 0.25
69 68.5 0.5
74 68.75 0.25
59 69 0.5
67 69 0.125
69 69.125 0.125
71 69.25 0.125
72 69.375 0.125
67 69.5 0.5
74 69.5 0.25
71 69.75 0.25
59 70 0.5
67 70 0.25
71 70.25 0.25
67 70.5 0.5
74 70.5 0.25
71 70.75 0.25
59 71 0.5
67 71 0.25
71 71.25 0.25
67 71.5 0.5
74 71.5 0.25
71 71.75 0.25
64 72 0.5
68 72 0.25
74 72.25 0.25
68 72.5 0.25
71 72.5 0.5
66 72.75 0.25
64 73 0.5
68 73 0.25
74 73.25 0.25
68 73.5 0.25
71 73.5 0.5
74 73.75 0.25
64 74 0.5
68 74 0.25
74 74.25 0.25
68 74.5 0.25
71 74.5 0.5
74 74.75 0.25
57 75 1
72 75 1
69 75.25 0.25
67 75.5 0.25
65 75.75 0.25
64 76 0.25
62 76.25 0.25
60 76.5 0.25
59 76.75 0.25
57 77 0.25
60 77.25 0.25
59 77.5 0.25
57 77.75 0.25
65 78 0.25
62 78.25 0.25
57 78.5 0.25
69 78.5 0.5
62 78.75 0.25
65 79 0.25
74 79 0.5
62 79.25 0.25
57 79.5 0.25
77 79.5 0.5
62 79.75 0.25
65 80 0.25
81 80 0.125
80 80.125 0.125
62 80.25 0.25
81 80.25 0.75
57 80.5 0.25
62 80.75 0.25
64 81 0.25
62 81.25 0.25
57 81.5 0.25
69 81.5 0.5
62 81.75 0.25
64 82 0.25
72 82 0.5
60 82.25 0.25
57 82.5 0.25
76 82.5 0.5
60 82.75 0.25
64 83 0.25
81 83 0.125
80 83.125 0.125
60 83.25 0.25
81 83.25 0.75
57 83.5 0.25
60 83.75 0.25
62 84 0.25
59 84.25 0.25
57 84.5 0.25
74 84.5 0.5
59 84.75 0.25
62 85 0.25
80 85 0.5
59 85.25 0.25
56 85.5 0.25
83 85.5 0.5
59 85.75 0.25
62 86 0.25
80 86 0.5
59 86.25 0.25
56 86.5 0.25
76 86.5 0.5
59 86.75 0.25
60 87 0.5
81 87 0.5
45 87.5 0.5
79 87.5 0.25
77 87.75 0.25
48 88 0.5
76 88 0.25
74 88.25 0.25
52 88.5 0.5
72 88.5 0.25
71 88.75 0.25
57 89 0.5
69 89 0.25
72 89.25 0.25
60 89.5 0.5
71 89.5 0.25
69 89.75 0.25
62 90 0.5
77 90 0.25
74 90.25 0.25
65 90.5 0.5
69 90.5 0.25
74 90.75 0.25
57 91 0.5
77 91 0.25
74 91.25 0.25
62 91.5 0.5
69 91.5 0.25
74 91.75 0.25
50 92 0.5
77 92 0.25
74 92.25 0.25
59 92.5 0.5
69 92.5 0.25
74 92.75 0.25
60 93 0.5
76 93 0.25
74 93.25 0.25
64 93.5 0.5
69 93.5 0.25
74 93.75 0.25
57 94 0.5
76 94 0.25
72 94.25 0.25
60 94.5 0.5
69 94.5 0.25
72 94.75 0.25
48 95 0.5
76 95 0.25
72 95.25 0.25
57 95.5 0.5
69 95.5 0.25
72 95.75 0.25
59 96 0.5
74 96 0.25
71 96.25 0.25
62 96.5 0.5
69 96.5 0.25
71 96.75 0.25
56 97 0.5
74 97 0.25
71 97.25 0.25
59 97.5 0.5
68 97.5 0.25
71 97.75 0.25
64 98 0.5
74 98 0.25
71 98.25 0.25
52 98.5 0.5
68 98.5 0.25
71 98.75 0.25
57 99 0.25
72 99 3.25
69 99.25 0.25
67 99.5 0.25
65 99.75 0.25
64 100 0.25
62 100.25 0.25
60 100.5 0.25
59 100.75 0.25
57 101 0.25
60 101.25 0.25
52 101.5 0.25
55 101.75 0.25
54 102 0.5
75 102.25 0.25
69 102.5 0.5
74 102.5 0.25
72 102.75 0.25
72 103 0.5
78 103 0.25
75 103.25 0.25
69 103.5 0.5
74 103.5 0.25
72 103.75 0.25
66 104 0.5
81 104 0.25
75 104.25 0.25
62 104.5 0.5
74 104.5 0.25
72 104.75 0.25
67 105 0.5
70 105 0.25
79 105.25 0.25
55 105.5 0.5
77 105.5 0.25
75 105.75 0.25
58 106 0.5
74 106 0.25
72 106.25 0.25
62 106.5 0.5
70 106.5 0.25
69 106.75 0.25
67 107 0.5
72 107 0.25
70 107.25 0.25
65 107.5 0.5
69 107.5 0.25
67 107.75 0.25
64 108 0.25
72 108 0.5
61 108.25 0.25
60 108.5 0.25
76 108.5 0.5
58 108.75 0.25
65 109 0.25
71 109 0.5
61 109.25 0.25
60 109.5 0.25
77 109.5 0.5
58 109.75 0.25
67 110 0.25
70 110 0.5
61 110.25 0.25
60 110.5 0.25
79 110.5 0.75
58 110.75 0.25
57 111 0.25
65 111.25 0.25
74 111.25 0.25
64 111.5 0.25
72 111.5 0.25
62 111.75 0.25
70 111.75 0.25
60 112 0.25
69 112 0.25
58 112.25 0.25
79 112.25 0.25
57 112.5 0.25
77 112.5 0.25
55 112.75 0.25
76 112.75 0.25
58 113 0.25
74 113 0.25
57 113.25 0.25
77 113.25 0.25
55 113.5 0.25
76 113.5 0.25
53 113.75 0.25
74 113.75 0.25
52 114 0.25
73 114 0.25
67 114.25 0.25
70 114.25 0.25
65 114.5 0.25
69 114.5 0.25
64 114.75 0.25
67 114.75 0.25
62 115 0.25
74 115 0.25
67 115.25 0.25
70 115.25 0.25
65 115.5 0.25
69 115.5 0.25
64 115.75 0.25
67 115.75 0.25
61 116 0.25
76 116 0.25
67 116.25 0.25
70 116.25 0.25
65 116.5 0.25
69 116.5 0.25
64 116.75 0.25
67 116.75 0.25
50 117 0.25
65 117 0.5
63 117.25 0.25
62 117.5 0.25
66 117.5 0.5
60 117.75 0.25
58 118 0.25
67 118 0.5
60 118.25 0.25
58 118.5 0.25
69 118.5 0.5
57 118.75 0.25
55 119 0.25
70 119 0.5
57 119.25 0.25
55 119.5 0.25
71 119.5 0.5
53 119.75 0.25
52 120 0.25
72 120 0.5
58 120.25 0.25
57 120.5 0.25
73 120.5 0.5
55 120.75 0.25
53 121 0.25
74 121 0.5
55 121.25 0.25
53 121.5 0.25
76 121.5 0.5
52 121.75 0.25
50 122 0.25
77 122 0.5
51 122.25 0.25
50 122.5 0.25
78 122.5 0.5
48 122.75 0.25
46 123 0.5
79 123 0.25
74 123.25 0.25
43 123.5 0.5
82 123.5 0.25
81 123.75 0.25
46 124 0.5
79 124 0.25
77 124.25 0.25
50 124.5 0.5
76 124.5 0.25
74 124.75 0.25
55 125 1.25
73 125 0.25
74 125.25 0.25
76 125.5 0.25
73 125.75 0.25
69 126 0.5
55 126.25 0.25
45 126.5 0.25
64 126.5 0.5
43 126.75 0.25
45 127 0.25
69 127 0.5
55 127.25 0.25
45 127.5 0.25
73 127.5 0.5
55 127.75 0.25
45 128 0.25
76 128 0.125
74 128.125 0.125
55 128.25 0.25
76 128.25 1
45 128.5 0.25
55 128.75 0.25
45 129 0.25
53 129.25 0.25
69 129.25 0.25
45 129.5 0.25
64 129.5 0.25
43 129.75 0.25
69 129.75 0.25
45 130 0.25
74 130 0.25
53 130.25 0.25
69 130.25 0.25
45 130.5 0.25
64 130.5 0.25
53 130.75 0.25
69 130.75 0.25
45 131 0.25
74 131 0.125
73 131.125 0.125
53 131.25 0.25
74 131.25 1
45 131.5 0.25
53 131.75 0.25
45 132 0.25
52 132.25 0.25
67 132.25 0.25
45 132.5 0.25
64 132.5 0.25
43 132.75 0.25
67 132.75 0.25
45 133 0.25
72 133 0.25
52 133.25 0.25
67 133.25 0.25
45 133.5 0.25
64 133.5 0.25
52 133.75 0.25
67 133.75 0.25
45 134 0.25
72 134 0.125
70 134.125 0.125
52 134.25 0.25
72 134.25 1
45 134.5 0.25
52 134.75 0.25
45 135 0.25
50 135.25 0.25
65 135.25 0.25
53 135.5 0.25
62 135.5 0.25
50 135.75 0.25
65 135.75 0.25
45 136 0.25
70 136 0.25
50 136.25 0.25
65 136.25 0.25
53 136.5 0.25
62 136.5 0.25
57 136.75 0.25
65 136.75 0.25
43 137 0.25
70 137 0.25
52 137.25 0.25
67 137.25 0.25
55 137.5 0.25
64 137.5 0.25
58 137.75 0.25
67 137.75 0.25
55 138 0.5
61 138 0.25
69 138.25 0.25
49 138.5 0.5
70 138.5 0.25
69 138.75 0.25
52 139 0.5
61 139 0.25
69 139.25 0.25
43 139.5 0.5
70 139.5 0.25
69 139.75 0.25
61 140 0.5
46 140.25 0.25
45 140.5 0.25
64 140.5 0.75
43 140.75 0.25
41 141 0.25
53 141.25 0.25
69 141.25 0.25
52 141.5 0.25
70 141.5 0.25
53 141.75 0.25
69 141.75 0.25
41 142 0.25
62 142 0.25
53 142.25 0.25
69 142.25 0.25
52 142.5 0.25
70 142.5 0.25
53 142.75 0.25
69 142.75 0.25
41 143 0.25
62 143 0.5
53 143.25 0.25
52 143.5 0.25
65 143.5 0.75
50 143.75 0.25
49 144 0.5
67 144.25 0.25
40 144.5 0.5
69 144.5 0.25
67 144.75 0.25
43 145 0.5
64 145 0.25
67 145.25 0.25
37 145.5 0.5
69 145.5 0.25
67 145.75 0.25
57 146 0.5
49 146.25 0.25
47 146.5 0.25
67 146.5 0.75
45 146.75 0.25
50 147 0.5
58 147.25 0.25
38 147.5 0.5
57 147.5 0.25
55 147.75 0.25
41 148 0.5
57 148 0.25
64 148.25 0.25
45 148.5 0.5
62 148.5 0.25
61 148.75 0.25
50 149 0.125
62 149 0.25
49 149.125 0.125
50 149.25 1
67 149.25 0.25
65 149.5 0.25
64 149.75 0.25
65 150 0.25
55 150.25 0.25
58 150.25 0.25
57 150.5 0.25
60 150.5 0.25
58 150.75 0.25
62 150.75 0.25
48 151 0.25
63 151 0.25
54 151.25 0.25
57 151.25 0.25
55 151.5 0.25
58 151.5 0.25
57 151.75 0.25
60 151.75 0.25
46 152 0.25
62 152 0.25
55 152.25 0.25
58 152.25 0.25
57 152.5 0.25
60 152.5 0.25
58 152.75 0.25
62 152.75 0.25
48 153 0.25
63 153 0.25
54 153.25 0.25
57 153.25 0.25
55 153.5 0.25
58 153.5 0.25
57 153.75 0.25
60 153.75 0.25
46 154 0.25
62 154 0.25
55 154.25 0.25
58 154.25 0.25
57 154.5 0.25
60 154.5 0.25
58 154.75 0.25
62 154.75 0.25
45 155 0.25
60 155 0.25
50 155.25 0.25
54 155.25 0.25
52 155.5 0.25
55 155.5 0.25
53 155.75 0.25
57 155.75 0.25
43 156 0.25
58 156 0.25
50 156.25 0.25
52 156.5 0.25
54 156.75 0.25
55 157 0.25
57 157.25 0.25
58 157.5 0.25
60 157.75 0.25
62 158 0.25
58 158.25 0.25
67 158.5 0.25
62 158.75 0.25
70 159 0.25
67 159.25 0.25
65 159.5 0.25
63 159.75 0.25
62 160 0.25
60 160.25 0.25
58 160.5 0.25
57 160.75 0.25
55 161 0.25
58 161.25 0.25
52 161.5 0.25
55 161.75 0.25
49 162 1
70 162.25 0.25
69 162.5 0.25
67 162.75 0.25
76 163 0.25
74 163.25 0.25
45 163.5 0.5
73 163.5 0.25
71 163.75 0.25
47 164 0.5
69 164 0.25
67 164.25 0.25
49 164.5 0.5
65 164.5 0.25
64 164.75 0.25
50 165 0.5
65 165 0.25
62 165.25 0.25
52 165.5 0.5
67 165.5 0.25
62 165.75 0.25
53 166 0.5
69 166 0.25
62 166.25 0.25
55 166.5 0.5
70 166.5 0.25
62 166.75 0.25
57 167 0.5
62 167.25 0.25
45 167.5 0.5
64 167.5 0.25
61 167.75 0.25
50 168 0.5
62 168 0.25
60 168.25 0.25
54 168.5 0.25
57 168.5 0.5
60 168.75 0.25
50 169 0.5
62 169 0.25
60 169.25 0.25
54 169.5 0.25
57 169.5 0.5
60 169.75 0.25
50 170 0.5
62 170 0.25
60 170.25 0.25
54 170.5 0.25
57 170.5 0.5
60 170.75 0.25
50 171 0.5
58 171 0.25
62 171.25 0.25
55 171.5 0.5
58 171.5 0.25
54 171.75 0.25
50 172 0.5
58 172 0.25
62 172.25 0.25
55 172.5 0.5
58 172.5 0.25
54 172.75 0.25
50 173 0.5
58 173 0.25
62 173.25 0.25
55 173.5 0.5
58 173.5 0.25
52 173.75 0.25
50 174 0.5
53 174 0.25
62 174.25 0.25
53 174.5 0.25
57 174.5 0.5
62 174.75 0.25
50 175 0.5
53 175 0.25
62 175.25 0.25
53 175.5 0.25
57 175.5 0.5
62 175.75 0.25
50 176 0.5
53 176 0.25
62 176.25 0.25
53 176.5 0.25
57 176.5 0.5
62 176.75 0.25
50 177 0.5
55 177 0.25
61 177.25 0.25
55 177.5 0.25
58 177.5 0.5
52 177.75 0.25
50 178 0.5
55 178 0.25
61 178.25 0.25
55 178.5 0.25
58 178.5 0.5
52 178.75 0.25
50 179 0.5
55 179 0.25
61 179.25 0.25
55 179.5 0.25
58 179.5 0.5
52 179.75 0.25
50 180 3
54 180 3
57 180 3
62 180 3
