60
56 0 0.703125
68 0 0.46875
72 0 0.46875
63 0.234375 1.17188
68 0.46875 0.703125
72 0.46875 0.9375
58 0.703125 0.117188
60 0.820312 0.117188
51 0.9375 0.703125
67 1.17188 0.234375
63 1.40625 0.9375
68 1.40625 0.703125
72 1.40625 0.9375
55 1.64062 0.117188
56 1.75781 0.117188
48 1.875 0.703125
67 2.10938 0.24375
63 2.34375 0.46875
72 2.34375 0.46875
68 2.35312 0.46875
49 2.57812 0.117188
51 2.69531 0.117188
44 2.8125 0.46875
68 3.04688 0.234375
66 3.28125 0.234375
65 3.51562 0.234375
66 3.75 0.234375
72 3.98438 0.234375
75 4.21875 0.234375
73 4.45312 0.234375
72 4.6875 0.234375
70 4.92188 0.234375
68 5.15625 0.234375
66 5.39062 0.234375
56 5.625 0.703125
65 5.625 0.46875
73 5.625 0.46875
68 5.86875 1.17188
65 6.09375 0.9375
73 6.09375 0.703125
60 6.32812 0.117188
61 6.44531 0.117188
53 6.5625 0.703125
72 6.79688 0.234375
65 7.03125 0.9375
73 7.03125 0.703125
68 7.04062 0.9375
54 7.26562 0.117188
56 7.38281 0.117188
49 7.5 0.703125
72 7.73438 0.234375
65 7.96875 0.46875
73 7.96875 0.46875
68 7.97812 0.46875
51 8.20312 0.117188
53 8.32031 0.117188
44 8.4375 0.46875
75 8.67188 0.234375
73 8.90625 0.234375
72 9.14062 0.234375
73 9.375 0.234375
68 9.60938 0.234375
77 9.84375 0.234375
75 10.0781 0.234375
73 10.3125 0.234375
72 10.5469 0.234375
70 10.7812 0.234375
68 11.0156 0.234375
67 11.25 0.234375
56 11.4844 0.234375
65 11.4844 0.234375
55 11.7188 0.234375
63 11.7188 0.234375
53 11.9531 0.234375
62 11.9531 0.234375
55 12.1875 0.234375
63 12.1875 0.703125
58 12.4219 0.234375
51 12.6562 0.234375
53 12.8906 0.234375
67 12.8906 0.117188
70 13.0078 0.117188
55 13.125 0.234375
73 13.125 0.703125
56 13.3594 0.234375
58 13.5938 0.234375
60 13.8281 0.234375
68 13.8281 0.234375
61 14.0625 0.234375
67 14.0625 0.234375
63 14.2969 0.234375
72 14.2969 0.234375
61 14.5312 0.234375
70 14.5312 0.234375
60 14.7656 0.234375
68 14.7656 0.234375
61 15 0.234375
70 15 0.703125
65 15.2344 0.234375
58 15.4688 0.234375
60 15.7031 0.234375
73 15.7031 0.117188
77 15.8203 0.117188
61 15.9375 0.234375
82 15.9375 0.703125
63 16.1719 0.234375
65 16.4062 0.234375
67 16.6406 0.234375
73 16.6406 0.234375
68 16.875 0.585938
72 16.875 0.234375
77 17.1094 0.234375
75 17.3438 0.234375
67 17.4609 0.117188
68 17.5781 0.117188
73 17.5781 0.234375
70 17.6953 0.117188
72 17.8125 0.703125
75 17.8125 0.234375
80 18.0469 0.234375
75 18.2812 0.234375
70 18.5156 0.234375
73 18.5156 0.234375
68 18.75 0.703125
72 18.75 0.234375
75 18.9844 0.234375
72 19.2188 0.234375
67 19.4531 0.234375
70 19.4531 0.234375
65 19.6875 0.585938
68 19.6875 0.234375
73 19.9219 0.234375
72 20.1562 0.234375
64 20.2734 0.117188
65 20.3906 0.117188
70 20.3906 0.234375
67 20.5078 0.117188
68 20.625 0.703125
72 20.625 0.234375
77 20.8594 0.234375
72 21.0938 0.234375
67 21.3281 0.234375
70 21.3281 0.234375
65 21.5625 0.703125
68 21.5625 0.234375
72 21.7969 0.234375
68 22.0312 0.234375
63 22.2656 0.234375
67 22.2656 0.234375
62 22.5 0.585938
65 22.5 0.234375
70 22.7344 0.234375
68 22.9688 0.234375
60 23.0859 0.117188
62 23.2031 0.117188
67 23.2031 0.234375
63 23.3203 0.117188
65 23.4375 0.703125
68 23.4375 0.234375
72 23.6719 0.234375
68 23.9062 0.234375
63 24.1406 0.234375
67 24.1406 0.234375
62 24.375 0.703125
65 24.375 0.234375
68 24.6094 0.234375
65 24.8438 0.234375
60 25.0781 0.234375
63 25.0781 0.234375
58 25.3125 0.585938
62 25.3125 1.40625
65 25.5563 1.17188
68 25.7812 0.703125
55 25.8984 0.117188
53 26.0156 0.117188
51 26.1328 0.117188
50 26.25 0.703125
67 26.4844 0.234375
62 26.7188 0.703125
68 26.7188 0.703125
65 26.7281 0.703125
51 26.9531 0.117188
53 27.0703 0.117188
46 27.1875 0.703125
77 27.4219 0.234375
70 27.6562 0.234375
48 27.8906 0.117188
68 27.8906 0.234375
50 28.0078 0.117188
51 28.125 0.585938
67 28.125 0.117188
68 28.2422 0.117188
70 28.3594 0.234375
63 28.5938 0.703125
50 28.7109 0.117188
48 28.8281 0.117188
46 28.9453 0.117188
44 29.0625 0.703125
60 29.2969 0.234375
65 29.5312 0.234375
41 29.7656 0.234375
68 29.7656 0.234375
46 30 0.703125
67 30 0.234375
65 30.2344 0.234375
63 30.4688 0.234375
47 30.7031 0.234375
62 30.7031 0.234375
48 30.9375 0.585938
63 30.9375 0.117188
62 31.0547 0.117188
60 31.1719 0.234375
68 31.4062 0.703125
51 31.5234 0.117188
53 31.6406 0.117188
55 31.7578 0.117188
56 31.875 0.703125
63 32.1094 0.234375
68 32.3438 0.234375
53 32.5781 0.234375
72 32.5781 0.234375
50 32.8125 0.703125
70 32.8125 0.234375
68 33.0469 0.234375
67 33.2812 0.234375
58 33.5156 0.234375
65 33.5156 0.234375
51 33.75 0.585938
67 33.75 0.117188
65 33.8672 0.117188
63 33.9844 0.234375
72 34.2188 0.703125
55 34.3359 0.117188
56 34.4531 0.117188
58 34.5703 0.117188
60 34.6875 0.703125
67 34.9219 0.234375
72 35.1562 0.234375
56 35.3906 0.234375
75 35.3906 0.234375
53 35.625 0.703125
74 35.625 0.234375
72 35.8594 0.234375
70 36.0938 0.234375
62 36.3281 0.234375
68 36.3281 0.234375
55 36.5625 0.585938
70 36.5625 0.117188
68 36.6797 0.117188
67 36.7969 0.234375
75 37.0312 0.703125
58 37.1484 0.117188
60 37.2656 0.117188
62 37.3828 0.117188
63 37.5 0.703125
70 37.7344 0.234375
75 37.9688 0.234375
60 38.2031 0.234375
79 38.2031 0.234375
56 38.4375 0.703125
77 38.4375 0.234375
75 38.6719 0.234375
74 38.9062 0.234375
65 39.1406 0.234375
72 39.1406 0.234375
56 39.375 0.9375
65 39.375 0.9375
74 39.375 0.117188
58 39.3844 0.9375
75 39.4922 0.117188
77 39.6094 0.234375
70 39.8438 0.234375
72 40.0781 0.234375
74 40.3125 0.234375
75 40.5469 0.234375
77 40.7812 0.234375
63 40.8984 0.117188
62 41.0156 0.117188
79 41.0156 0.234375
60 41.1328 0.117188
58 41.25 0.585938
80 41.25 0.234375
77 41.4844 0.234375
75 41.7188 0.234375
60 41.8359 0.117188
58 41.9531 0.117188
74 41.9531 0.234375
56 42.0703 0.117188
55 42.1875 0.703125
82 42.1875 0.234375
79 42.4219 0.117188
77 42.5391 0.117188
75 42.6562 0.117188
77 42.7734 0.117188
51 42.8906 0.234375
79 42.8906 0.234375
60 43.125 0.703125
68 43.125 0.234375
77 43.3594 0.234375
74 43.5938 0.234375
56 43.8281 0.234375
75 43.8281 0.234375
58 44.0625 0.703125
67 44.0625 0.234375
75 44.2969 0.234375
65 44.5312 0.234375
46 44.7656 0.234375
74 44.7656 0.234375
51 45 0.703125
67 45 0.46875
75 45 0.46875
70 45.2437 1.17188
67 45.4688 0.9375
75 45.4688 0.703125
53 45.7031 0.117188
55 45.8203 0.117188
46 45.9375 0.703125
74 46.1719 0.234375
67 46.4062 0.9375
75 46.4062 0.703125
70 46.4156 0.9375
50 46.6406 0.117188
51 46.7578 0.117188
43 46.875 0.703125
74 47.1094 0.234375
67 47.3438 0.46875
75 47.3438 0.46875
70 47.3531 0.46875
44 47.5781 0.117188
46 47.6953 0.117188
39 47.8125 0.46875
75 48.0469 0.234375
73 48.2812 0.234375
72 48.5156 0.234375
73 48.75 0.234375
79 48.9844 0.234375
82 49.2188 0.234375
80 49.4531 0.234375
79 49.6875 0.234375
77 49.9219 0.234375
75 50.1562 0.234375
73 50.3906 0.234375
51 50.625 0.703125
68 50.625 0.46875
72 50.625 0.46875
63 50.8594 1.17188
68 51.0938 0.703125
72 51.0938 0.9375
55 51.3281 0.117188
56 51.4453 0.117188
48 51.5625 0.703125
67 51.7969 0.234375
63 52.0312 0.9375
68 52.0312 0.703125
72 52.0312 0.9375
49 52.2656 0.117188
51 52.3828 0.117188
44 52.5 0.703125
67 52.7344 0.234375
63 52.9688 0.46875
68 52.9688 0.46875
72 52.9688 0.46875
46 53.2031 0.117188
48 53.3203 0.117188
39 53.4375 0.46875
70 53.6719 0.234375
68 53.9062 0.234375
67 54.1406 0.234375
68 54.375 0.234375
63 54.6094 0.234375
72 54.8438 0.234375
70 55.0781 0.234375
68 55.3125 0.234375
67 55.5469 0.234375
65 55.7812 0.234375
63 56.0156 0.234375
62 56.25 0.234375
55 56.4844 0.234375
63 56.4844 0.234375
53 56.7188 0.234375
62 56.7188 0.234375
51 56.9531 0.234375
60 56.9531 0.234375
53 57.1875 0.703125
62 57.1875 0.234375
65 57.4219 0.234375
58 57.6562 0.234375
56 57.8906 0.117188
60 57.8906 0.234375
55 58.0078 0.117188
56 58.125 0.703125
62 58.125 0.234375
63 58.3594 0.234375
65 58.5938 0.234375
51 58.8281 0.234375
67 58.8281 0.234375
50 59.0625 0.585938
68 59.0625 0.234375
70 59.2969 0.234375
68 59.5312 0.234375
48 59.6484 0.117188
50 59.7656 0.117188
67 59.7656 0.234375
51 59.8828 0.117188
53 60 0.234375
68 60 0.234375
51 60.2344 0.234375
72 60.2344 0.234375
50 60.4688 0.234375
65 60.4688 0.234375
48 60.7031 0.234375
67 60.7031 0.234375
46 60.9375 0.234375
68 60.9375 0.234375
44 61.1719 0.234375
70 61.1719 0.234375
43 61.4062 0.234375
72 61.4062 0.234375
41 61.6406 0.234375
74 61.6406 0.234375
39 61.875 0.585938
75 61.875 0.234375
68 62.1094 0.234375
67 62.3438 0.234375
46 62.4609 0.117188
48 62.5781 0.117188
65 62.5781 0.234375
50 62.6953 0.117188
51 62.8125 0.585938
67 62.8125 0.234375
70 63.0469 0.234375
67 63.2812 0.234375
50 63.3984 0.117188
51 63.5156 0.117188
65 63.5156 0.234375
53 63.6328 0.117188
55 63.75 0.585938
63 63.75 0.234375
73 63.9844 0.234375
72 64.2188 0.234375
51 64.3359 0.117188
53 64.4531 0.117188
70 64.4531 0.234375
55 64.5703 0.117188
44 64.6875 0.234375
72 64.6875 0.703125
61 64.9219 0.234375
60 65.1562 0.234375
58 65.3906 0.234375
72 65.3906 0.234375
75 65.3906 0.234375
56 65.625 0.234375
72 65.625 0.703125
75 65.625 0.703125
60 65.8594 0.234375
56 66.0938 0.234375
55 66.3281 0.234375
72 66.3281 0.234375
75 66.3281 0.234375
80 66.3281 0.234375
53 66.5625 0.234375
72 66.5625 1.17188
75 66.5625 1.17188
80 66.5625 1.17188
56 66.7969 0.234375
53 67.0312 0.234375
51 67.2656 0.234375
49 67.5 0.585938
67 67.7344 0.234375
65 67.9688 0.234375
44 68.0859 0.117188
46 68.2031 0.117188
64 68.2031 0.234375
48 68.3203 0.117188
49 68.4375 0.585938
65 68.4375 0.234375
68 68.6719 0.234375
65 68.9062 0.234375
48 69.0234 0.117188
49 69.1406 0.117188
63 69.1406 0.234375
51 69.2578 0.117188
53 69.375 0.585938
61 69.375 0.234375
72 69.6094 0.234375
70 69.8438 0.234375
49 69.9609 0.117188
51 70.0781 0.117188
68 70.0781 0.234375
53 70.1953 0.117188
43 70.3125 0.234375
70 70.3125 0.703125
60 70.5469 0.234375
58 70.7812 0.234375
56 71.0156 0.234375
70 71.0156 0.234375
73 71.0156 0.234375
55 71.25 0.234375
70 71.25 0.703125
73 71.25 0.703125
58 71.4844 0.234375
55 71.7188 0.234375
53 71.9531 0.234375
70 71.9531 0.234375
73 71.9531 0.234375
79 71.9531 0.234375
52 72.1875 0.234375
70 72.1875 1.17188
73 72.1875 1.17188
79 72.1875 1.17188
55 72.4219 0.234375
52 72.6562 0.234375
50 72.8906 0.234375
48 73.125 0.585938
65 73.3594 0.234375
64 73.5938 0.234375
43 73.7109 0.117188
44 73.8281 0.117188
62 73.8281 0.234375
46 73.9453 0.117188
48 74.0625 0.585938
64 74.0625 0.234375
67 74.2969 0.234375
64 74.5312 0.234375
47 74.6484 0.117188
48 74.7656 0.117188
62 74.7656 0.234375
50 74.8828 0.117188
52 75 0.585938
60 75 0.234375
70 75.2344 0.234375
68 75.4688 0.234375
48 75.5859 0.117188
50 75.7031 0.117188
67 75.7031 0.234375
52 75.8203 0.117188
41 75.9375 0.234375
68 75.9375 0.703125
58 76.1719 0.234375
56 76.4062 0.234375
55 76.6406 0.234375
68 76.6406 0.234375
72 76.6406 0.234375
53 76.875 0.234375
68 76.875 0.703125
72 76.875 0.703125
56 77.1094 0.234375
53 77.3438 0.234375
51 77.5781 0.234375
68 77.5781 0.234375
72 77.5781 0.234375
77 77.5781 0.234375
49 77.8125 0.234375
68 77.8125 1.17188
72 77.8125 1.17188
77 77.8125 1.17188
53 78.0469 0.234375
49 78.2812 0.234375
48 78.5156 0.234375
46 78.75 0.585938
78 78.9844 0.234375
77 79.2188 0.234375
57 79.3359 0.117188
58 79.4531 0.117188
76 79.4531 0.234375
60 79.5703 0.117188
61 79.6875 0.585938
77 79.6875 0.234375
82 79.9219 0.234375
77 80.1562 0.234375
60 80.2734 0.117188
61 80.3906 0.117188
75 80.3906 0.234375
63 80.5078 0.117188
65 80.625 0.46875
73 80.625 0.234375
77 80.8594 0.234375
73 81.0938 0.234375
72 81.3281 0.234375
70 81.5625 0.234375
75 81.7969 0.234375
73 82.0312 0.234375
53 82.1484 0.117188
55 82.2656 0.117188
72 82.2656 0.234375
57 82.3828 0.117188
58 82.5 0.585938
73 82.5 0.234375
77 82.7344 0.234375
73 82.9688 0.234375
57 83.0859 0.117188
58 83.2031 0.117188
72 83.2031 0.234375
60 83.3203 0.117188
61 83.4375 0.46875
70 83.4375 0.234375
73 83.6719 0.234375
70 83.9062 0.234375
68 84.1406 0.234375
66 84.375 0.234375
71 84.6094 0.234375
70 84.8438 0.234375
49 84.9609 0.117188
51 85.0781 0.117188
69 85.0781 0.234375
53 85.1953 0.117188
54 85.3125 0.585938
70 85.3125 0.234375
73 85.5469 0.234375
70 85.7812 0.234375
53 85.8984 0.117188
54 86.0156 0.117188
68 86.0156 0.234375
56 86.1328 0.117188
58 86.25 0.46875
66 86.25 0.234375
70 86.4844 0.234375
66 86.7188 0.234375
65 86.9531 0.234375
64 87.1875 0.585938
56 87.4219 0.234375
55 87.6562 0.234375
62 87.7734 0.117188
53 87.8906 0.234375
64 87.8906 0.117188
65 88.0078 0.117188
52 88.125 0.234375
67 88.125 0.585938
58 88.3594 0.234375
52 88.5938 0.234375
65 88.7109 0.117188
50 88.8281 0.234375
67 88.8281 0.117188
68 88.9453 0.117188
48 89.0625 0.234375
70 89.0625 0.46875
55 89.2969 0.234375
48 89.5312 0.234375
46 89.7656 0.234375
44 90 0.585938
72 90.1172 0.117188
74 90.2344 0.117188
76 90.3516 0.117188
77 90.4688 0.585938
56 90.5859 0.117188
58 90.7031 0.117188
60 90.8203 0.117188
61 90.9375 0.703125
72 91.0547 0.117188
70 91.1719 0.117188
68 91.2891 0.117188
70 91.4062 0.234375
58 91.6406 0.234375
73 91.6406 0.234375
60 91.875 0.703125
67 91.875 0.234375
70 92.1094 1.17188
65 92.3438 0.234375
48 92.5781 0.234375
64 92.5781 0.234375
53 92.8125 0.703125
65 92.8125 0.46875
60 93.0469 1.17188
65 93.2812 0.703125
68 93.2812 0.9375
55 93.5156 0.117188
56 93.6328 0.117188
48 93.75 0.703125
64 93.9844 0.234375
60 94.2188 0.9375
65 94.2188 0.703125
68 94.2188 0.9375
52 94.4531 0.117188
53 94.5703 0.117188
44 94.6875 0.703125
64 94.9219 0.234375
60 95.1562 0.46875
65 95.1562 0.46875
68 95.1562 0.46875
46 95.3906 0.117188
48 95.5078 0.117188
41 95.625 0.234375
67 95.8594 0.234375
65 96.0938 0.234375
64 96.3281 0.234375
65 96.5625 0.234375
68 96.7969 0.234375
72 97.0312 0.234375
70 97.2656 0.234375
68 97.5 0.234375
67 97.7344 0.234375
65 97.9688 0.234375
63 98.2031 0.234375
53 98.4375 0.703125
61 98.4375 0.46875
70 98.4375 0.46875
65 98.6719 1.17188
61 98.9062 0.9375
70 98.9062 0.703125
57 99.1406 0.117188
58 99.2578 0.117188
49 99.375 0.703125
69 99.6094 0.234375
61 99.8438 0.9375
65 99.8438 0.9375
70 99.8438 0.703125
51 100.078 0.117188
53 100.195 0.117188
46 100.312 0.703125
69 100.547 0.234375
61 100.781 0.46875
65 100.781 0.46875
70 100.781 0.46875
48 101.016 0.117188
49 101.133 0.117188
41 101.25 0.234375
53 101.484 0.234375
55 101.719 0.234375
57 101.953 0.234375
58 102.188 0.234375
60 102.422 0.234375
61 102.656 0.234375
60 102.891 0.234375
63 103.125 0.234375
61 103.359 0.234375
60 103.594 0.234375
58 103.828 0.234375
64 104.062 0.234375
53 104.297 0.234375
61 104.297 0.234375
52 104.531 0.234375
60 104.531 0.234375
50 104.766 0.234375
58 104.766 0.234375
52 105 0.234375
67 105 0.234375
55 105.234 0.234375
61 105.234 0.234375
48 105.469 0.234375
60 105.469 0.234375
50 105.703 0.234375
58 105.703 0.234375
52 105.938 0.234375
70 105.938 0.234375
53 106.172 0.234375
68 106.172 0.234375
55 106.406 0.234375
67 106.406 0.234375
56 106.641 0.234375
65 106.641 0.234375
58 106.875 0.234375
73 106.875 0.234375
60 107.109 0.234375
68 107.109 0.234375
58 107.344 0.234375
67 107.344 0.234375
56 107.578 0.234375
65 107.578 0.234375
58 107.812 0.234375
64 107.812 0.585938
61 108.047 0.234375
55 108.281 0.234375
67 108.398 0.117188
56 108.516 0.234375
70 108.516 0.117188
76 108.633 0.117188
58 108.75 0.234375
79 108.75 0.703125
60 108.984 0.234375
62 109.219 0.234375
64 109.453 0.234375
70 109.453 0.234375
65 109.688 0.585938
68 109.688 0.234375
73 109.922 0.234375
72 110.156 0.234375
64 110.273 0.117188
65 110.391 0.117188
70 110.391 0.234375
67 110.508 0.117188
68 110.625 0.703125
72 110.625 0.234375
77 110.859 0.234375
72 111.094 0.234375
67 111.328 0.234375
70 111.328 0.234375
65 111.562 0.703125
68 111.562 0.234375
72 111.797 0.234375
68 112.031 0.234375
63 112.266 0.234375
67 112.266 0.234375
61 112.5 0.585938
65 112.5 0.234375
70 112.734 0.234375
69 112.969 0.234375
60 113.086 0.117188
61 113.203 0.117188
67 113.203 0.234375
63 113.32 0.117188
65 113.438 0.703125
69 113.438 0.234375
72 113.672 0.234375
69 113.906 0.234375
63 114.141 0.234375
67 114.141 0.234375
61 114.375 0.703125
65 114.375 0.234375
72 114.609 0.234375
65 114.844 0.234375
60 115.078 0.234375
63 115.078 0.234375
58 115.312 0.585938
61 115.312 0.234375
72 115.547 0.234375
70 115.781 0.234375
57 115.898 0.117188
58 116.016 0.117188
69 116.016 0.234375
60 116.133 0.117188
61 116.25 0.703125
70 116.25 0.234375
73 116.484 0.234375
70 116.719 0.234375
60 116.953 0.234375
68 116.953 0.234375
58 117.188 0.703125
66 117.188 0.234375
70 117.422 0.234375
66 117.656 0.234375
56 117.891 0.234375
65 117.891 0.234375
54 118.125 0.585938
63 118.125 0.234375
68 118.359 0.234375
66 118.594 0.234375
53 118.711 0.117188
54 118.828 0.117188
65 118.828 0.234375
56 118.945 0.117188
58 119.062 0.703125
66 119.062 0.234375
70 119.297 0.234375
66 119.531 0.234375
56 119.766 0.234375
65 119.766 0.234375
54 120 0.703125
63 120 0.234375
70 120.234 0.234375
63 120.469 0.234375
53 120.703 0.234375
61 120.703 0.234375
51 120.938 0.585938
60 120.938 0.117188
61 121.055 0.117188
63 121.172 0.234375
57 121.406 0.703125
53 121.523 0.117188
51 121.641 0.117188
49 121.758 0.117188
48 121.875 0.585938
60 122.109 0.234375
63 122.344 0.234375
49 122.461 0.117188
48 122.578 0.117188
66 122.578 0.234375
46 122.695 0.117188
45 122.812 0.703125
65 122.812 0.234375
63 123.047 0.234375
61 123.281 0.234375
53 123.516 0.234375
60 123.516 0.234375
46 123.75 0.585938
61 123.75 0.117188
63 123.867 0.117188
65 123.984 0.234375
58 124.219 0.703125
49 124.336 0.117188
51 124.453 0.117188
53 124.57 0.117188
54 124.688 0.585938
61 124.922 0.234375
66 125.156 0.234375
53 125.273 0.117188
51 125.391 0.117188
70 125.391 0.234375
49 125.508 0.117188
48 125.625 0.703125
68 125.625 0.234375
66 125.859 0.234375
65 126.094 0.234375
56 126.328 0.234375
63 126.328 0.234375
49 126.562 0.585938
65 126.562 0.117188
66 126.68 0.117188
68 126.797 0.234375
61 127.031 0.703125
53 127.148 0.117188
54 127.266 0.117188
56 127.383 0.117188
58 127.5 0.585938
65 127.734 0.234375
70 127.969 0.234375
56 128.086 0.117188
54 128.203 0.117188
73 128.203 0.234375
53 128.32 0.117188
51 128.438 0.703125
72 128.438 0.234375
70 128.672 0.234375
68 128.906 0.234375
60 129.141 0.234375
66 129.141 0.234375
53 129.375 0.585938
68 129.375 0.117188
66 129.492 0.117188
65 129.609 0.234375
73 129.844 0.703125
56 129.961 0.117188
58 130.078 0.117188
60 130.195 0.117188
61 130.312 0.585938
68 130.547 0.234375
73 130.781 0.234375
60 130.898 0.117188
58 131.016 0.117188
77 131.016 0.234375
56 131.133 0.117188
54 131.25 0.703125
75 131.25 0.234375
73 131.484 0.234375
72 131.719 0.234375
63 131.953 0.234375
70 131.953 0.234375
54 132.188 0.9375
56 132.188 0.9375
63 132.188 0.9375
72 132.188 0.117188
73 132.305 0.117188
75 132.422 0.234375
68 132.656 0.234375
70 132.891 0.234375
72 133.125 0.234375
73 133.359 0.234375
75 133.594 0.234375
61 133.711 0.117188
60 133.828 0.117188
77 133.828 0.234375
58 133.945 0.117188
56 134.062 0.585938
78 134.062 0.234375
75 134.297 0.234375
73 134.531 0.234375
58 134.648 0.117188
56 134.766 0.117188
72 134.766 0.234375
54 134.883 0.117188
53 135 0.703125
80 135 0.234375
77 135.234 0.117188
75 135.352 0.117188
73 135.469 0.117188
75 135.586 0.117188
49 135.703 0.234375
77 135.703 0.234375
58 135.938 0.703125
66 135.938 0.234375
75 136.172 0.234375
72 136.406 0.234375
54 136.641 0.234375
73 136.641 0.234375
56 136.875 0.703125
65 136.875 0.234375
73 137.109 0.234375
63 137.344 0.234375
44 137.578 0.234375
72 137.578 0.234375
49 137.812 0.703125
65 137.812 0.46875
73 137.812 0.46875
68 138.047 1.17188
65 138.281 0.9375
73 138.281 0.703125
51 138.516 0.117188
53 138.633 0.117188
44 138.75 0.703125
72 138.984 0.234375
65 139.219 0.9375
68 139.219 0.9375
73 139.219 0.703125
48 139.453 0.117188
49 139.57 0.117188
41 139.688 0.703125
72 139.922 0.234375
65 140.156 0.46875
68 140.156 0.46875
73 140.156 0.46875
42 140.391 0.117188
44 140.508 0.117188
37 140.625 0.46875
73 140.859 0.234375
71 141.094 0.234375
70 141.328 0.234375
71 141.562 0.234375
77 141.797 0.234375
80 142.031 0.234375
78 142.266 0.234375
77 142.5 0.234375
75 142.734 0.234375
73 142.969 0.234375
71 143.203 0.234375
50 143.438 0.585938
70 143.438 1.40625
77 143.672 1.17188
78 143.789 0.117188
80 143.906 0.703125
53 144.023 0.117188
54 144.141 0.117188
56 144.258 0.117188
58 144.375 0.703125
78 144.609 0.234375
74 144.844 0.9375
77 144.844 0.9375
80 144.844 0.703125
56 145.078 0.234375
56 145.312 0.078125
54 145.39 0.078125
56 145.469 0.078125
54 145.547 0.46875
78 145.547 0.234375
74 145.781 0.46875
77 145.781 0.46875
80 145.781 0.46875
53 146.016 0.234375
51 146.25 0.585938
80 146.484 0.234375
78 146.719 0.234375
58 146.836 0.117188
60 146.953 0.117188
77 146.953 0.234375
62 147.07 0.117188
63 147.188 0.703125
78 147.188 0.234375
82 147.422 0.234375
75 147.656 0.234375
61 147.891 0.234375
77 147.891 0.234375
61 148.125 0.078125
78 148.125 0.234375
60 148.203 0.078125
61 148.282 0.078125
60 148.359 0.46875
75 148.359 0.234375
81 148.594 0.234375
58 148.828 0.234375
82 148.828 0.234375
57 149.062 0.585938
84 149.062 0.117188
77 149.18 0.117188
75 149.297 0.117188
73 149.414 0.117188
72 149.531 0.9375
75 149.531 0.703125
48 149.648 0.117188
49 149.766 0.117188
51 149.883 0.117188
53 150 0.703125
73 150.234 0.234375
69 150.469 0.9375
72 150.469 0.9375
75 150.469 0.703125
51 150.703 0.234375
51 150.938 0.078125
49 151.015 0.078125
51 151.094 0.078125
49 151.172 0.46875
73 151.172 0.234375
69 151.406 0.46875
72 151.406 0.46875
75 151.406 0.46875
48 151.641 0.234375
46 151.875 0.585938
75 152.109 0.234375
73 152.344 0.234375
53 152.461 0.117188
55 152.578 0.117188
72 152.578 0.234375
57 152.695 0.117188
58 152.812 0.703125
73 152.812 0.234375
77 153.047 0.234375
70 153.281 0.234375
56 153.516 0.234375
72 153.516 0.234375
56 153.75 0.078125
73 153.75 0.234375
55 153.828 0.078125
56 153.907 0.078125
55 153.984 0.46875
70 153.984 0.234375
76 154.219 0.234375
53 154.453 0.234375
77 154.453 0.234375
52 154.688 0.585938
79 154.688 0.117188
72 154.805 0.117188
70 154.922 0.117188
68 155.039 0.117188
67 155.156 0.9375
70 155.156 0.703125
43 155.273 0.117188
44 155.391 0.117188
46 155.508 0.117188
48 155.625 0.703125
68 155.859 0.234375
64 156.094 0.9375
67 156.094 0.9375
70 156.094 0.703125
46 156.328 0.234375
46 156.562 0.078125
44 156.64 0.078125
46 156.719 0.078125
44 156.797 0.46875
68 156.797 0.234375
64 157.031 0.46875
67 157.031 0.46875
70 157.031 0.46875
43 157.266 0.234375
41 157.5 0.585938
70 157.617 0.117188
68 157.734 0.117188
67 157.852 0.117188
68 157.969 0.585938
44 158.086 0.117188
46 158.203 0.117188
48 158.32 0.117188
49 158.438 0.703125
67 158.555 0.117188
65 158.672 0.117188
64 158.789 0.117188
65 158.906 0.234375
48 159.141 0.234375
68 159.141 0.234375
48 159.375 0.078125
73 159.375 0.234375
46 159.453 0.078125
48 159.532 0.078125
46 159.609 0.46875
68 159.609 0.234375
67 159.844 0.234375
44 160.078 0.234375
65 160.078 0.234375
43 160.312 0.585938
63 160.312 1.40625
70 160.547 1.17188
72 160.664 0.117188
73 160.781 0.703125
46 160.898 0.117188
48 161.016 0.117188
49 161.133 0.117188
51 161.25 0.703125
72 161.484 0.234375
67 161.719 0.9375
70 161.719 0.9375
73 161.719 0.703125
49 161.953 0.234375
49 162.188 0.078125
48 162.265 0.078125
49 162.344 0.078125
48 162.422 0.46875
72 162.422 0.234375
67 162.656 0.585938
70 162.656 0.585938
73 162.656 0.585938
46 162.891 0.234375
44 163.125 0.585938
72 163.242 0.117188
70 163.359 0.117188
68 163.477 0.820312
75 163.594 0.9375
78 163.594 0.9375
51 163.711 0.117188
53 163.828 0.117188
54 163.945 0.117188
56 164.062 0.703125
70 164.297 0.234375
72 164.531 0.703125
75 164.531 0.9375
78 164.531 0.9375
54 164.766 0.234375
54 165 0.078125
53 165.078 0.078125
54 165.157 0.078125
53 165.234 0.46875
70 165.234 0.234375
72 165.469 0.46875
75 165.469 0.46875
78 165.469 0.46875
51 165.703 0.234375
49 165.938 0.585938
78 166.172 0.234375
77 166.406 0.234375
56 166.523 0.117188
58 166.641 0.117188
75 166.641 0.234375
60 166.758 0.117188
61 166.875 0.585938
77 166.875 0.234375
80 167.109 0.234375
73 167.344 0.234375
63 167.461 0.117188
61 167.578 0.117188
75 167.578 0.234375
60 167.695 0.117188
58 167.812 0.585938
77 167.812 0.234375
73 168.047 0.234375
70 168.281 0.234375
60 168.398 0.117188
58 168.516 0.117188
72 168.516 0.234375
56 168.633 0.117188
55 168.75 0.585938
73 168.75 0.234375
70 168.984 0.234375
63 169.219 0.234375
56 169.336 0.117188
55 169.453 0.117188
65 169.453 0.234375
53 169.57 0.117188
51 169.688 0.46875
67 169.688 0.234375
68 169.922 0.234375
70 170.156 0.234375
72 170.391 0.234375
73 170.625 0.234375
72 170.859 0.234375
70 171.094 0.234375
51 171.211 0.117188
53 171.328 0.117188
73 171.328 0.234375
55 171.445 0.117188
56 171.562 0.585938
72 171.562 0.117188
75 171.68 0.117188
77 171.797 0.117188
79 171.914 0.117188
80 172.031 0.234375
53 172.148 0.117188
55 172.266 0.117188
72 172.266 0.234375
56 172.383 0.117188
58 172.5 0.703125
75 172.5 0.234375
74 172.734 0.234375
79 172.969 0.234375
56 173.203 0.234375
77 173.203 0.234375
58 173.438 0.703125
75 173.438 0.234375
74 173.672 0.234375
72 173.906 0.234375
46 174.141 0.234375
70 174.141 0.234375
51 174.375 0.703125
68 174.375 0.117188
67 174.492 0.117188
65 174.609 0.234375
67 174.844 0.234375
53 175.078 0.234375
70 175.078 0.234375
55 175.312 0.117188
63 175.312 0.46875
56 175.43 0.117188
55 175.547 0.117188
53 175.664 0.117188
55 175.781 0.234375
58 176.016 0.234375
51 176.25 0.234375
49 176.484 0.234375
48 176.719 0.234375
46 176.953 0.234375
44 177.188 0.585938
61 177.422 0.234375
60 177.656 0.234375
51 177.773 0.117188
53 177.891 0.117188
58 177.891 0.234375
55 178.008 0.117188
56 178.125 0.703125
60 178.125 0.234375
63 178.359 0.234375
60 178.594 0.234375
51 178.828 0.234375
58 178.828 0.234375
48 179.062 0.703125
56 179.062 0.234375
66 179.297 0.234375
65 179.531 0.234375
56 179.766 0.234375
63 179.766 0.234375
49 180 0.234375
65 180 0.585938
58 180.234 0.234375
56 180.469 0.234375
68 180.586 0.117188
54 180.703 0.234375
70 180.703 0.117188
72 180.82 0.117188
53 180.938 0.234375
73 180.938 0.585938
56 181.172 0.234375
53 181.406 0.234375
68 181.523 0.117188
51 181.641 0.234375
73 181.641 0.117188
75 181.758 0.117188
49 181.875 0.234375
77 181.875 1.17188
53 182.109 0.234375
49 182.344 0.234375
48 182.578 0.234375
46 182.812 0.585938
63 183.047 0.234375
62 183.281 0.234375
53 183.398 0.117188
55 183.516 0.117188
60 183.516 0.234375
56 183.633 0.117188
58 183.75 0.703125
62 183.75 0.234375
65 183.984 0.234375
62 184.219 0.234375
53 184.453 0.234375
60 184.453 0.234375
50 184.688 0.703125
58 184.688 0.234375
68 184.922 0.234375
67 185.156 0.234375
58 185.391 0.234375
65 185.391 0.234375
51 185.625 0.234375
67 185.625 0.585938
63 185.859 0.234375
61 186.094 0.234375
70 186.211 0.117188
60 186.328 0.234375
75 186.328 0.117188
77 186.445 0.117188
58 186.562 0.234375
79 186.562 0.585938
61 186.797 0.234375
58 187.031 0.234375
75 187.148 0.117188
56 187.266 0.234375
79 187.266 0.117188
80 187.383 0.117188
55 187.5 0.234375
82 187.5 0.585938
58 187.734 0.234375
55 187.969 0.234375
75 188.086 0.117188
53 188.203 0.234375
82 188.203 0.117188
84 188.32 0.117188
51 188.438 0.585938
85 188.438 0.234375
84 188.672 0.234375
82 188.906 0.234375
58 189.023 0.117188
60 189.141 0.117188
80 189.141 0.234375
61 189.258 0.117188
63 189.375 0.585938
79 189.375 0.234375
82 189.609 0.234375
79 189.844 0.234375
62 189.961 0.117188
63 190.078 0.117188
77 190.078 0.234375
65 190.195 0.117188
67 190.312 0.585938
75 190.312 0.234375
82 190.547 0.234375
75 190.781 0.234375
63 190.898 0.117188
65 191.016 0.117188
73 191.016 0.234375
67 191.133 0.117188
68 191.25 0.234375
72 191.25 0.585938
65 191.484 0.234375
63 191.719 0.234375
73 191.836 0.117188
61 191.953 0.234375
75 191.953 0.117188
77 192.07 0.117188
60 192.188 0.234375
78 192.188 0.703125
63 192.422 0.234375
60 192.656 0.234375
58 192.891 0.234375
68 192.891 1.40625
56 193.125 0.117188
72 193.125 1.17188
75 193.125 1.17188
78 193.125 1.17188
58 193.242 0.117188
60 193.359 0.117188
58 193.477 0.117188
56 193.594 0.117188
54 193.711 0.117188
53 193.828 0.117188
51 193.945 0.117188
49 194.062 0.585938
78 194.297 0.234375
77 194.531 0.234375
53 194.648 0.117188
54 194.766 0.117188
75 194.766 0.234375
56 194.883 0.117188
58 195 0.585938
73 195 0.234375
77 195.234 0.234375
73 195.469 0.234375
56 195.586 0.117188
58 195.703 0.117188
72 195.703 0.234375
60 195.82 0.117188
61 195.938 0.703125
70 195.938 0.234375
77 196.172 0.234375
70 196.406 0.234375
60 196.641 0.234375
68 196.641 0.234375
58 196.875 0.585938
67 196.875 0.234375
77 197.109 0.234375
75 197.344 0.234375
51 197.461 0.117188
53 197.578 0.117188
73 197.578 0.234375
55 197.695 0.117188
56 197.812 0.585938
72 197.812 0.234375
75 198.047 0.234375
72 198.281 0.234375
55 198.398 0.117188
56 198.516 0.117188
70 198.516 0.234375
58 198.633 0.117188
60 198.75 0.703125
68 198.75 0.234375
75 198.984 0.234375
68 199.219 0.234375
58 199.453 0.234375
67 199.453 0.234375
56 199.688 0.585938
65 199.688 0.234375
75 199.922 0.234375
73 200.156 0.234375
44 200.273 0.117188
46 200.391 0.117188
72 200.391 0.234375
48 200.508 0.117188
49 200.625 0.585938
70 200.625 0.234375
73 200.859 0.234375
70 201.094 0.234375
48 201.211 0.117188
49 201.328 0.117188
68 201.328 0.234375
51 201.445 0.117188
52 201.562 0.703125
67 201.562 0.234375
73 201.797 0.234375
67 202.031 0.234375
44 202.266 0.234375
65 202.266 0.234375
43 202.5 0.585938
63 202.5 0.234375
73 202.734 0.234375
71 202.969 0.234375
39 203.086 0.117188
44 203.203 0.117188
70 203.203 0.234375
46 203.32 0.117188
47 203.438 0.585938
68 203.438 0.234375
71 203.672 0.234375
68 203.906 0.234375
46 204.023 0.117188
44 204.141 0.117188
66 204.141 0.234375
42 204.258 0.117188
44 204.375 0.585938
64 204.375 0.234375
71 204.609 0.234375
64 204.844 0.234375
42 204.961 0.117188
40 205.078 0.117188
63 205.078 0.234375
39 205.195 0.117188
40 205.312 0.585938
61 205.312 0.234375
71 205.547 0.234375
69 205.781 0.234375
44 205.898 0.117188
45 206.016 0.117188
68 206.016 0.234375
47 206.133 0.117188
49 206.25 0.703125
69 206.25 0.117188
64 206.367 0.117188
66 206.484 0.117188
68 206.602 0.117188
69 206.719 0.117188
71 206.836 0.117188
37 206.953 0.234375
73 206.953 0.117188
74 207.07 0.117188
49 207.188 0.0625
76 207.188 0.25
47 207.25 0.0625
49 207.312 0.681319
73 207.438 0.267857
69 207.705 0.288462
49 207.994 0.3125
68 207.994 0.3125
49 208.306 1.40217
58 208.306 1.40217
63 208.306 1.40217
68 208.306 0.652174
67 208.958 0.75
46 210.608 0.267857
67 210.608 0.267857
73 210.608 0.267857
77 210.608 0.267857
48 210.876 1.40217
68 210.876 1.40217
72 210.876 1.40217
77 210.876 0.652174
75 211.529 0.75
50 213.179 0.267857
59 213.179 0.267857
65 213.179 0.267857
51 213.446 2.68481
58 213.446 0.75
63 213.446 2.68481
68 213.446 1.12179
61 214.196 0.144231
60 214.341 0.144231
61 214.485 1.64635
67 214.568 0.0882353
68 214.656 0.0833333
67 214.74 0.0789474
68 214.819 0.075
67 214.894 0.9375
68 215.831 0.3
44 216.131 1.5
60 216.131 1.5
63 216.131 1.5
68 216.131 1.5
