60
47 0 0.357143
59 0.178571 0.178571
61 0.357143 0.178571
63 0.535714 0.178571
64 0.714286 0.178571
66 0.892857 0.178571
68 1.07143 0.178571
70 1.25 0.178571
71 1.42857 0.0892857
70 1.51786 0.0892857
59 1.60714 0.178571
71 1.60714 0.357143
58 1.78571 0.178571
56 1.96429 0.178571
73 1.96429 0.178571
54 2.14286 0.178571
75 2.14286 0.0892857
73 2.23214 0.0892857
52 2.32143 0.178571
75 2.32143 0.0892857
73 2.41071 0.0892857
51 2.5 0.178571
75 2.5 0.0892857
73 2.58929 0.0892857
49 2.67857 0.178571
71 2.67857 0.0892857
73 2.76786 0.0892857
47 2.85714 0.357143
75 2.85714 0.178571
70 3.03571 0.178571
71 3.21429 0.178571
47 3.39286 0.0892857
75 3.39286 0.178571
49 3.48214 0.0892857
51 3.57143 0.0892857
76 3.57143 0.178571
49 3.66071 0.0892857
51 3.75 0.0892857
70 3.75 0.178571
49 3.83929 0.0892857
51 3.92857 0.0892857
71 3.92857 0.178571
49 4.01786 0.0892857
47 4.10714 0.0892857
76 4.10714 0.178571
49 4.19643 0.0892857
51 4.28571 0.357143
78 4.28571 0.178571
71 4.46429 0.178571
80 4.64286 0.178571
52 4.82143 0.178571
78 4.82143 0.178571
54 5 0.0892857
76 5 0.178571
52 5.08929 0.0892857
54 5.17857 0.0892857
75 5.17857 0.178571
52 5.26786 0.0892857
54 5.35714 0.0892857
73 5.35714 0.178571
52 5.44643 0.0892857
51 5.53571 0.0892857
71 5.53571 0.178571
52 5.625 0.0892857
54 5.71429 0.357143
70 5.71429 0.178571
65 5.89286 0.178571
58 6.07143 0.357143
66 6.07143 0.178571
73 6.25 0.178571
61 6.42857 0.357143
70 6.42857 0.178571
73 6.60714 0.178571
58 6.78571 0.357143
66 6.78571 0.178571
73 6.96429 0.178571
54 7.14286 0.357143
70 7.14286 0.178571
65 7.32143 0.178571
58 7.5 0.357143
66 7.5 0.178571
73 7.67857 0.178571
61 7.85714 0.357143
70 7.85714 0.178571
73 8.03571 0.178571
52 8.21429 0.357143
66 8.21429 0.178571
73 8.39286 0.178571
51 8.57143 0.357143
71 8.57143 0.178571
65 8.75 0.178571
59 8.92857 0.357143
66 8.92857 0.178571
75 9.10714 0.178571
63 9.28571 0.357143
71 9.28571 0.178571
75 9.46429 0.178571
59 9.64286 0.357143
66 9.64286 0.178571
75 9.82143 0.178571
54 10 0.357143
71 10 0.178571
65 10.1786 0.178571
59 10.3571 0.357143
66 10.3571 0.178571
75 10.5357 0.178571
63 10.7143 0.357143
71 10.7143 0.178571
75 10.8929 0.178571
59 11.0714 0.357143
66 11.0714 0.178571
75 11.25 0.178571
46 11.4286 0.357143
73 11.4286 0.178571
65 11.6071 0.178571
61 11.7857 0.357143
66 11.7857 0.178571
76 11.9643 0.178571
64 12.1429 0.357143
73 12.1429 0.178571
76 12.3214 0.178571
61 12.5 0.357143
70 12.5 0.178571
76 12.6786 0.178571
58 12.8571 0.357143
73 12.8571 0.178571
65 13.0357 0.178571
61 13.2143 0.357143
66 13.2143 0.178571
76 13.3929 0.178571
58 13.5714 0.357143
73 13.5714 0.178571
76 13.75 0.178571
54 13.9286 0.357143
70 13.9286 0.178571
76 14.1071 0.178571
47 14.2857 0.357143
75 14.2857 0.178571
70 14.4643 0.178571
63 14.6429 0.357143
71 14.6429 0.178571
78 14.8214 0.178571
66 15 0.357143
75 15 0.178571
78 15.1786 0.178571
63 15.3571 0.357143
71 15.3571 0.178571
78 15.5357 0.178571
59 15.7143 0.357143
75 15.7143 0.178571
70 15.8929 0.178571
63 16.0714 0.357143
71 16.0714 0.178571
78 16.25 0.178571
59 16.4286 0.357143
75 16.4286 0.178571
78 16.6071 0.178571
54 16.7857 0.357143
71 16.7857 0.178571
78 16.9643 0.178571
51 17.1429 0.357143
81 17.1429 0.178571
76 17.3214 0.178571
59 17.5 0.357143
78 17.5 0.178571
81 17.6786 0.178571
54 17.8571 0.357143
75 17.8571 0.178571
78 18.0357 0.178571
51 18.2143 0.357143
71 18.2143 0.178571
78 18.3929 0.178571
47 18.5714 0.357143
81 18.5714 0.178571
78 18.75 0.178571
54 18.9286 0.357143
76 18.9286 0.178571
75 19.1071 0.178571
59 19.2857 0.357143
76 19.2857 0.178571
75 19.4643 0.178571
54 19.6429 0.357143
73 19.6429 0.178571
71 19.8214 0.178571
52 20 0.357143
80 20 0.178571
76 20.1786 0.178571
56 20.3571 0.357143
75 20.3571 0.178571
73 20.5357 0.178571
46 20.7143 0.357143
75 20.7143 0.178571
73 20.8929 0.178571
56 21.0714 0.357143
71 21.0714 0.178571
70 21.25 0.178571
51 21.4286 0.357143
78 21.4286 0.178571
75 21.6071 0.178571
54 21.7857 0.357143
73 21.7857 0.178571
71 21.9643 0.178571
44 22.1429 0.357143
73 22.1429 0.178571
71 22.3214 0.178571
54 22.5 0.357143
70 22.5 0.178571
68 22.6786 0.178571
49 22.8571 0.178571
76 22.8571 0.178571
51 23.0357 0.178571
75 23.0357 0.178571
52 23.2143 0.178571
73 23.2143 0.178571
54 23.3929 0.178571
75 23.3929 0.178571
56 23.5714 0.178571
76 23.5714 0.357143
58 23.75 0.178571
59 23.9286 0.178571
68 23.9286 0.357143
56 24.1071 0.178571
58 24.2857 0.357143
66 24.2857 0.178571
68 24.4643 0.178571
61 24.6429 0.357143
70 24.6429 0.178571
71 24.8214 0.178571
58 25 0.357143
73 25 0.178571
75 25.1786 0.178571
54 25.3571 0.357143
76 25.3571 0.178571
73 25.5357 0.178571
59 25.7143 0.357143
75 25.7143 0.178571
76 25.8929 0.178571
47 26.0714 0.357143
75 26.0714 0.178571
73 26.25 0.178571
59 26.4286 0.0892857
71 26.4286 0.178571
58 26.5179 0.0892857
59 26.6071 0.714286
70 26.6071 0.178571
68 26.7857 0.178571
66 26.9643 0.178571
65 27.1429 0.178571
58 27.3214 0.178571
61 27.3214 0.178571
56 27.5 0.178571
65 27.5 0.178571
54 27.6786 0.178571
68 27.6786 0.178571
53 27.8571 0.178571
73 27.8571 0.892857
49 28.0357 0.178571
53 28.2143 0.178571
56 28.3929 0.178571
58 28.5714 0.357143
71 28.75 0.178571
61 28.9286 0.357143
70 28.9286 0.178571
68 29.1071 0.178571
51 29.2857 0.357143
66 29.2857 0.178571
65 29.4643 0.178571
54 29.6429 0.357143
63 29.6429 0.178571
73 29.8214 0.178571
56 30 0.357143
71 30 0.178571
70 30.1786 0.178571
59 30.3571 0.357143
68 30.3571 0.178571
66 30.5357 0.178571
49 30.7143 0.357143
65 30.7143 0.178571
63 30.8929 0.178571
53 31.0714 0.357143
61 31.0714 0.178571
61 31.0714 1.07143
71 31.25 0.178571
54 31.4286 0.178571
66 31.4286 0.714286
70 31.4286 0.714286
42 31.6071 0.178571
44 31.7857 0.178571
46 31.9643 0.178571
47 32.1429 0.178571
49 32.3214 0.178571
51 32.5 0.178571
53 32.6786 0.178571
54 32.8571 0.178571
56 33.0357 0.178571
54 33.2143 0.178571
70 33.2143 0.357143
73 33.2143 0.357143
52 33.3929 0.178571
51 33.5714 0.178571
72 33.5714 0.714286
78 33.5714 0.357143
56 33.75 0.178571
54 33.9286 0.178571
75 33.9286 0.357143
56 34.1071 0.178571
49 34.2857 0.178571
73 34.2857 0.357143
76 34.2857 1.78571
51 34.4643 0.178571
52 34.6429 0.178571
68 34.6429 0.357143
49 34.8214 0.178571
54 35 0.178571
69 35 0.357143
52 35.1786 0.178571
51 35.3571 0.178571
70 35.3571 0.357143
49 35.5357 0.178571
47 35.7143 0.178571
71 35.7143 1.78571
49 35.8929 0.178571
47 36.0714 0.178571
75 36.0714 0.357143
46 36.25 0.178571
44 36.4286 0.178571
76 36.4286 0.357143
49 36.6071 0.178571
47 36.7857 0.178571
77 36.7857 0.357143
49 36.9643 0.178571
42 37.1429 0.178571
78 37.1429 1.78571
49 37.3214 0.178571
54 37.5 0.178571
70 37.5 0.357143
52 37.6786 0.178571
51 37.8571 0.178571
71 37.8571 0.357143
56 38.0357 0.178571
54 38.2143 0.178571
72 38.2143 0.357143
56 38.3929 0.178571
49 38.5714 0.178571
73 38.5714 1.60714
51 38.75 0.178571
49 38.9286 0.178571
77 38.9286 0.357143
47 39.1071 0.178571
46 39.2857 0.178571
78 39.2857 0.357143
51 39.4643 0.178571
49 39.6429 0.178571
79 39.6429 0.357143
51 39.8214 0.178571
44 40 0.357143
80 40 0.892857
73 40.1786 0.178571
51 40.3571 0.357143
71 40.3571 0.178571
70 40.5357 0.178571
56 40.7143 0.357143
71 40.7143 0.178571
75 40.8929 0.178571
47 41.0714 0.357143
80 41.0714 0.178571
78 41.25 0.178571
49 41.4286 0.357143
76 41.4286 0.178571
75 41.6071 0.178571
51 41.7857 0.357143
73 41.7857 0.178571
71 41.9643 0.178571
52 42.1429 0.357143
70 42.1429 0.178571
71 42.3214 0.178571
46 42.5 0.357143
73 42.5 0.178571
68 42.6786 0.178571
51 42.8571 0.357143
67 42.8571 0.178571
68 43.0357 0.178571
49 43.2143 0.357143
70 43.2143 0.178571
64 43.3929 0.178571
47 43.5714 0.357143
63 43.5714 0.178571
61 43.75 0.178571
43 43.9286 0.357143
59 43.9286 0.178571
58 44.1071 0.178571
44 44.2857 0.357143
59 44.2857 0.178571
63 44.4643 0.178571
40 44.6429 0.357143
68 44.6429 0.178571
59 44.8214 0.178571
37 45 0.357143
58 45 0.178571
68 45.1786 0.178571
39 45.3571 0.357143
58 45.3571 0.178571
67 45.5357 0.178571
44 45.7143 0.714286
68 45.7143 0.178571
59 45.8929 0.178571
61 46.0714 0.178571
63 46.25 0.178571
56 46.4286 0.178571
51 46.6071 0.178571
53 46.7857 0.178571
55 46.9643 0.178571
56 47.1429 0.178571
58 47.3214 0.178571
59 47.5 0.178571
61 47.6786 0.178571
59 47.8571 0.178571
58 48.0357 0.178571
56 48.2143 0.178571
54 48.3929 0.178571
37 48.5714 0.357143
53 48.5714 0.178571
56 48.75 0.178571
58 48.9286 0.178571
59 49.1071 0.178571
49 49.2857 0.178571
51 49.4643 0.178571
53 49.6429 0.178571
54 49.8214 0.178571
56 50 0.178571
58 50.1786 0.178571
59 50.3571 0.178571
61 50.5357 0.178571
63 50.7143 0.178571
65 50.8929 0.178571
66 51.0714 0.178571
68 51.25 0.178571
42 51.4286 0.357143
70 51.4286 0.178571
66 51.6071 0.178571
65 51.7857 0.178571
63 51.9643 0.178571
61 52.1429 0.178571
59 52.3214 0.178571
58 52.5 0.178571
56 52.6786 0.178571
54 52.8571 0.178571
56 53.0357 0.178571
58 53.2143 0.178571
59 53.3929 0.178571
58 53.5714 0.178571
56 53.75 0.178571
54 53.9286 0.178571
52 54.1071 0.178571
35 54.2857 0.357143
51 54.2857 0.178571
54 54.4643 0.178571
56 54.6429 0.178571
57 54.8214 0.178571
47 55 0.178571
49 55.1786 0.178571
51 55.3571 0.178571
52 55.5357 0.178571
54 55.7143 0.178571
56 55.8929 0.178571
57 56.0714 0.178571
59 56.25 0.178571
61 56.4286 0.178571
63 56.6071 0.178571
64 56.7857 0.178571
66 56.9643 0.178571
40 57.1429 0.357143
68 57.1429 0.178571
64 57.3214 0.178571
63 57.5 0.178571
61 57.6786 0.178571
59 57.8571 0.178571
57 58.0357 0.178571
56 58.2143 0.178571
54 58.3929 0.178571
52 58.5714 0.178571
54 58.75 0.178571
63 58.75 0.178571
56 58.9286 0.178571
64 58.9286 0.178571
57 59.1071 0.178571
66 59.1071 0.178571
56 59.2857 0.178571
64 59.2857 0.178571
54 59.4643 0.178571
63 59.4643 0.178571
52 59.6429 0.178571
61 59.6429 0.178571
51 59.8214 0.178571
59 59.8214 0.178571
42 60 0.357143
49 60 0.357143
58 60 0.178571
61 60.1786 0.178571
63 60.3571 0.178571
64 60.5357 0.178571
54 60.7143 0.178571
56 60.8929 0.178571
58 61.0714 0.178571
59 61.25 0.178571
61 61.4286 0.178571
63 61.6071 0.178571
64 61.7857 0.178571
66 61.9643 0.178571
68 62.1429 0.178571
70 62.3214 0.178571
71 62.5 0.178571
73 62.6786 0.178571
47 62.8571 0.357143
75 62.8571 0.178571
71 63.0357 0.178571
70 63.2143 0.178571
68 63.3929 0.178571
66 63.5714 0.178571
64 63.75 0.178571
63 63.9286 0.178571
61 64.1071 0.178571
59 64.2857 0.178571
63 64.4643 0.178571
54 64.6429 0.178571
75 64.6429 0.0892857
76 64.7321 0.0892857
63 64.8214 0.178571
78 64.8214 0.178571
59 65 0.178571
76 65 0.0892857
75 65.0893 0.267857
63 65.1786 0.178571
54 65.3571 0.178571
73 65.3571 0.0892857
71 65.4464 0.267857
63 65.5357 0.178571
56 65.7143 0.178571
83 65.7143 1.78571
59 65.8929 0.178571
51 66.0714 0.178571
80 66.0714 0.357143
59 66.25 0.178571
56 66.4286 0.178571
75 66.4286 0.357143
59 66.6071 0.178571
51 66.7857 0.178571
78 66.7857 0.357143
59 66.9643 0.178571
56 67.1429 0.178571
77 67.1429 0.357143
61 67.3214 0.178571
53 67.5 0.178571
80 67.5 0.357143
61 67.6786 0.178571
56 67.8571 0.178571
78 67.8571 0.0892857
77 67.9464 0.267857
61 68.0357 0.178571
53 68.2143 0.178571
75 68.2143 0.0892857
73 68.3036 0.267857
61 68.3929 0.178571
54 68.5714 0.178571
82 68.5714 1.78571
58 68.75 0.178571
49 68.9286 0.178571
78 68.9286 0.357143
58 69.1071 0.178571
54 69.2857 0.178571
73 69.2857 0.357143
58 69.4643 0.178571
49 69.6429 0.178571
76 69.6429 0.357143
58 69.8214 0.178571
54 70 0.178571
75 70 0.357143
58 70.1786 0.178571
51 70.3571 0.178571
78 70.3571 0.357143
59 70.5357 0.178571
54 70.7143 0.178571
76 70.7143 0.0892857
75 70.8036 0.267857
59 70.8929 0.178571
51 71.0714 0.178571
73 71.0714 0.0892857
71 71.1607 0.267857
59 71.25 0.178571
56 71.4286 0.178571
77 71.4286 0.178571
61 71.6071 0.178571
78 71.6071 0.178571
53 71.7857 0.178571
71 71.7857 0.178571
80 71.7857 0.714286
61 71.9643 0.178571
70 71.9643 0.178571
56 72.1429 0.178571
71 72.1429 0.714286
61 72.3214 0.178571
53 72.5 0.178571
73 72.5 0.357143
61 72.6786 0.178571
58 72.8571 0.178571
79 72.8571 0.0892857
80 72.9464 0.0892857
63 73.0357 0.178571
82 73.0357 0.178571
55 73.2143 0.178571
70 73.2143 0.178571
73 73.2143 0.714286
63 73.3929 0.178571
68 73.3929 0.178571
58 73.5714 0.178571
70 73.5714 0.357143
63 73.75 0.178571
55 73.9286 0.178571
73 73.9286 0.357143
82 73.9286 0.357143
63 74.1071 0.178571
59 74.2857 0.178571
73 74.2857 0.357143
82 74.2857 0.357143
63 74.4643 0.178571
56 74.6429 0.178571
71 74.6429 0.357143
80 74.6429 0.357143
63 74.8214 0.178571
59 75 0.178571
75 75 0.357143
80 75 0.357143
63 75.1786 0.178571
56 75.3571 0.178571
75 75.3571 0.357143
78 75.3571 0.357143
63 75.5357 0.178571
60 75.7143 0.178571
75 75.7143 1.60714
80 75.7143 0.0892857
78 75.8036 0.0892857
63 75.8929 0.178571
80 75.8929 0.0892857
78 75.9821 0.0892857
57 76.0714 0.178571
80 76.0714 0.0892857
78 76.1607 0.0892857
63 76.25 0.178571
80 76.25 0.0892857
78 76.3393 0.0892857
60 76.4286 0.178571
80 76.4286 0.0892857
78 76.5179 0.0892857
63 76.6071 0.178571
80 76.6071 0.0892857
78 76.6964 0.0892857
57 76.7857 0.178571
80 76.7857 0.0892857
78 76.875 0.0892857
63 76.9643 0.178571
77 76.9643 0.0892857
78 77.0536 0.0892857
58 77.1429 1.42857
77 77.1429 1.42857
75 77.3214 0.178571
74 77.5 0.178571
72 77.6786 0.178571
74 77.8571 0.178571
70 78.0357 0.178571
71 78.2143 0.178571
68 78.3929 0.178571
65 78.5714 0.178571
51 78.75 0.178571
66 78.75 0.178571
53 78.9286 0.178571
68 78.9286 0.178571
54 79.1071 0.178571
70 79.1071 0.178571
53 79.2857 0.178571
68 79.2857 0.178571
51 79.4643 0.178571
66 79.4643 0.178571
50 79.6429 0.178571
65 79.6429 0.178571
48 79.8214 0.178571
63 79.8214 0.178571
46 80 0.357143
53 80 0.357143
62 80 0.178571
65 80.1786 0.178571
66 80.3571 0.178571
68 80.5357 0.178571
58 80.7143 0.178571
60 80.8929 0.178571
62 81.0714 0.178571
63 81.25 0.178571
65 81.4286 0.178571
66 81.6071 0.178571
68 81.7857 0.178571
70 81.9643 0.178571
72 82.1429 0.178571
74 82.3214 0.178571
75 82.5 0.178571
77 82.6786 0.178571
51 82.8571 0.357143
78 82.8571 0.178571
75 83.0357 0.178571
70 83.2143 0.178571
66 83.3929 0.178571
63 83.5714 0.178571
61 83.75 0.178571
60 83.9286 0.178571
58 84.1071 0.178571
56 84.2857 0.357143
60 84.2857 0.178571
63 84.4643 0.178571
68 84.6429 0.178571
72 84.8214 0.178571
75 85 0.178571
78 85.1786 0.178571
76 85.3571 0.178571
75 85.5357 0.178571
49 85.7143 0.357143
56 85.7143 0.357143
76 85.7143 0.178571
73 85.8929 0.178571
68 86.0714 0.178571
64 86.25 0.178571
61 86.4286 0.178571
59 86.6071 0.178571
58 86.7857 0.178571
56 86.9643 0.178571
54 87.1429 0.357143
58 87.1429 0.178571
61 87.3214 0.178571
66 87.5 0.178571
70 87.6786 0.178571
73 87.8571 0.178571
76 88.0357 0.178571
75 88.2143 0.178571
73 88.3929 0.178571
47 88.5714 0.357143
54 88.5714 0.357143
75 88.5714 0.178571
71 88.75 0.178571
66 88.9286 0.178571
63 89.1071 0.178571
59 89.2857 0.178571
57 89.4643 0.178571
56 89.6429 0.178571
54 89.8214 0.178571
53 90 0.357143
56 90 0.178571
59 90.1786 0.178571
62 90.3571 0.178571
65 90.5357 0.178571
68 90.7143 0.178571
71 90.8929 0.178571
70 91.0714 0.178571
68 91.25 0.178571
54 91.4286 0.357143
70 91.4286 0.178571
63 91.6071 0.178571
42 91.7857 0.357143
64 91.7857 0.178571
73 91.9643 0.178571
46 92.1429 0.357143
70 92.1429 0.178571
73 92.3214 0.178571
49 92.5 0.357143
64 92.5 0.178571
73 92.6786 0.178571
54 92.8571 0.357143
70 92.8571 0.178571
63 93.0357 0.178571
58 93.2143 0.357143
64 93.2143 0.178571
73 93.3929 0.178571
61 93.5714 0.357143
70 93.5714 0.178571
73 93.75 0.178571
58 93.9286 0.357143
64 93.9286 0.178571
73 94.1071 0.178571
59 94.2857 0.357143
66 94.2857 0.178571
61 94.4643 0.178571
54 94.6429 0.357143
62 94.6429 0.178571
73 94.8214 0.178571
50 95 0.357143
66 95 0.178571
73 95.1786 0.178571
54 95.3571 0.357143
62 95.3571 0.178571
73 95.5357 0.178571
50 95.7143 0.357143
66 95.7143 0.178571
61 95.8929 0.178571
47 96.0714 0.357143
62 96.0714 0.178571
71 96.25 0.178571
50 96.4286 0.357143
66 96.4286 0.178571
71 96.6071 0.178571
54 96.7857 0.357143
62 96.7857 0.178571
71 96.9643 0.178571
42 97.1429 0.357143
62 97.1429 0.178571
58 97.3214 0.178571
42 97.5 0.357143
56 97.5 0.357143
59 97.5 0.178571
65 97.6786 0.178571
42 97.8571 0.357143
56 97.8571 0.357143
62 97.8571 0.178571
65 98.0357 0.178571
42 98.2143 0.357143
56 98.2143 0.357143
59 98.2143 0.178571
65 98.3929 0.178571
42 98.5714 0.357143
56 98.5714 0.357143
62 98.5714 0.178571
58 98.75 0.178571
42 98.9286 0.357143
56 98.9286 0.357143
59 98.9286 0.178571
65 99.1071 0.178571
42 99.2857 0.357143
56 99.2857 0.357143
62 99.2857 0.178571
65 99.4643 0.178571
42 99.6429 0.357143
56 99.6429 0.357143
59 99.6429 0.178571
65 99.8214 0.178571
42 100 1.60714
54 100 1.78571
62 100 0.178571
62 100 0.714286
58 100.179 0.178571
59 100.357 0.178571
66 100.536 0.178571
58 100.714 0.357143
61 100.714 0.178571
66 100.893 0.178571
56 101.071 0.357143
59 101.071 0.178571
65 101.25 0.178571
58 101.429 0.357143
61 101.429 0.357143
66 101.429 0.357143
44 101.607 0.178571
46 101.786 0.178571
47 101.964 0.178571
49 102.143 0.178571
51 102.321 0.178571
52 102.5 0.178571
49 102.679 0.178571
51 102.857 0.178571
47 103.036 0.178571
71 103.036 0.178571
49 103.214 0.178571
70 103.214 0.178571
51 103.393 0.178571
68 103.393 0.178571
52 103.571 0.178571
66 103.571 0.178571
54 103.75 0.178571
64 103.75 0.178571
56 103.929 0.178571
63 103.929 0.178571
58 104.107 0.178571
61 104.107 0.178571
59 104.286 0.357143
63 104.286 0.178571
71 104.464 0.178571
73 104.643 0.178571
75 104.821 0.178571
63 105 0.0892857
76 105 0.178571
61 105.089 0.0892857
63 105.179 0.0892857
78 105.179 0.178571
61 105.268 0.0892857
63 105.357 0.0892857
80 105.357 0.178571
61 105.446 0.0892857
59 105.536 0.0892857
82 105.536 0.178571
61 105.625 0.0892857
63 105.714 0.357143
83 105.714 0.178571
78 105.893 0.178571
75 106.071 0.178571
71 106.25 0.178571
66 106.429 0.0892857
73 106.429 0.178571
65 106.518 0.0892857
66 106.607 0.0892857
83 106.607 0.178571
65 106.696 0.0892857
66 106.786 0.0892857
81 106.786 0.178571
65 106.875 0.0892857
63 106.964 0.0892857
80 106.964 0.178571
65 107.054 0.0892857
66 107.143 0.178571
81 107.143 0.357143
64 107.321 0.178571
63 107.5 0.178571
78 107.5 0.357143
61 107.679 0.178571
59 107.857 0.178571
75 107.857 0.357143
57 108.036 0.178571
56 108.214 0.178571
81 108.214 0.357143
54 108.393 0.178571
52 108.571 0.357143
80 108.571 0.178571
76 108.75 0.178571
63 108.929 0.357143
71 108.929 0.178571
68 109.107 0.178571
61 109.286 0.357143
70 109.286 0.178571
80 109.464 0.178571
58 109.643 0.357143
78 109.643 0.178571
76 109.821 0.178571
63 110 0.178571
78 110 0.357143
61 110.179 0.178571
60 110.357 0.178571
75 110.357 0.357143
58 110.536 0.178571
56 110.714 0.178571
72 110.714 0.357143
54 110.893 0.178571
52 111.071 0.178571
78 111.071 0.357143
51 111.25 0.178571
49 111.429 0.357143
76 111.429 0.178571
73 111.607 0.178571
59 111.786 0.357143
68 111.786 0.178571
64 111.964 0.178571
58 112.143 0.357143
66 112.143 0.178571
76 112.321 0.178571
54 112.5 0.357143
75 112.5 0.178571
73 112.679 0.178571
47 112.857 0.357143
75 112.857 0.178571
71 113.036 0.178571
51 113.214 0.357143
70 113.214 0.178571
68 113.393 0.178571
53 113.571 0.357143
70 113.571 0.178571
68 113.75 0.178571
56 113.929 0.357143
66 113.929 0.178571
65 114.107 0.178571
46 114.286 0.357143
73 114.286 0.178571
70 114.464 0.178571
49 114.643 0.357143
68 114.643 0.178571
66 114.821 0.178571
51 115 0.357143
68 115 0.178571
66 115.179 0.178571
54 115.357 0.357143
65 115.357 0.178571
63 115.536 0.178571
44 115.714 0.357143
71 115.714 0.178571
68 115.893 0.178571
47 116.071 0.357143
66 116.071 0.178571
65 116.25 0.178571
49 116.429 0.357143
66 116.429 0.178571
65 116.607 0.178571
53 116.786 0.357143
63 116.786 0.178571
61 116.964 0.178571
42 117.143 0.178571
70 117.143 0.178571
44 117.321 0.178571
68 117.321 0.178571
46 117.5 0.178571
66 117.5 0.178571
47 117.679 0.178571
68 117.679 0.178571
49 117.857 0.178571
70 117.857 0.357143
51 118.036 0.178571
52 118.214 0.178571
61 118.214 0.357143
49 118.393 0.178571
51 118.571 0.357143
59 118.571 0.178571
61 118.75 0.178571
54 118.929 0.357143
63 118.929 0.178571
64 119.107 0.178571
51 119.286 0.357143
66 119.286 0.178571
68 119.464 0.178571
47 119.643 0.357143
69 119.643 0.178571
66 119.821 0.178571
52 120 0.357143
68 120 0.178571
69 120.179 0.178571
40 120.357 0.357143
68 120.357 0.178571
66 120.536 0.178571
52 120.714 0.0892857
64 120.714 0.178571
51 120.804 0.0892857
52 120.893 0.892857
63 120.893 0.178571
61 121.071 0.178571
59 121.25 0.178571
58 121.429 0.178571
66 121.607 0.178571
51 121.786 0.357143
59 121.786 0.178571
66 121.964 0.178571
49 122.143 0.357143
64 122.143 0.178571
59 122.321 0.178571
54 122.5 0.357143
58 122.5 0.178571
64 122.679 0.178571
47 122.857 0.357143
63 122.857 0.178571
61 123.036 0.178571
49 123.214 0.357143
59 123.214 0.178571
58 123.393 0.178571
51 123.571 0.357143
59 123.571 0.178571
63 123.75 0.178571
47 123.929 0.357143
66 123.929 0.178571
57 124.107 0.178571
40 124.286 0.357143
56 124.286 0.178571
66 124.464 0.178571
44 124.643 0.357143
64 124.643 0.178571
63 124.821 0.178571
40 125 0.357143
61 125 0.178571
63 125.179 0.178571
37 125.357 0.357143
64 125.357 0.178571
59 125.536 0.178571
42 125.714 0.357143
58 125.714 0.178571
59 125.893 0.178571
44 126.071 0.357143
61 126.071 0.178571
56 126.25 0.178571
46 126.429 0.357143
54 126.429 0.178571
52 126.607 0.178571
42 126.786 0.357143
51 126.786 0.178571
49 126.964 0.178571
47 127.143 0.357143
51 127.143 0.178571
54 127.321 0.178571
44 127.5 0.357143
59 127.5 0.178571
51 127.679 0.178571
40 127.857 0.37594
49 127.857 0.178571
59 128.036 0.197368
42 128.233 0.498366
52 128.233 0.220588
58 128.454 0.277778
35 128.731 0.833333
47 128.731 0.833333
51 128.731 0.833333
54 128.731 0.833333
59 128.731 0.833333
