60
50 0 0.483871
50 0.483871 0.483871
69 0.806451 0.161291
50 0.967742 0.483871
65 0.967742 0.161291
62 1.12904 0.161291
69 1.29032 0.161291
50 1.45161 0.483871
65 1.45161 0.161291
62 1.61291 0.161291
74 1.77419 0.161291
50 1.93548 0.483871
70 1.93548 0.161291
67 2.09678 0.161291
70 2.25806 0.161291
50 2.41935 0.483871
67 2.41935 0.161291
64 2.58065 0.161291
67 2.74193 0.161291
50 2.90323 0.483871
64 2.90323 0.161291
61 3.06452 0.161291
67 3.2258 0.161291
50 3.3871 0.483871
64 3.3871 0.161291
61 3.54839 0.161291
69 3.70967 0.161291
50 3.87097 0.483871
65 3.87097 0.161291
62 4.03226 0.161291
69 4.19355 0.161291
50 4.35484 0.483871
65 4.35484 0.161291
62 4.51613 0.161291
81 4.67742 0.161291
62 4.83871 0.483871
77 4.83871 0.161291
74 5 0.161291
77 5.16129 0.161291
62 5.32258 0.483871
74 5.32258 0.161291
69 5.48387 0.161291
74 5.64516 0.161291
55 5.80645 0.483871
70 5.80645 0.161291
67 5.96775 0.161291
74 6.12903 0.161291
55 6.29032 0.483871
70 6.29032 0.161291
67 6.45162 0.161291
79 6.6129 0.161291
60 6.77419 0.483871
76 6.77419 0.161291
72 6.93549 0.161291
76 7.09677 0.161291
60 7.25806 0.483871
72 7.25806 0.161291
67 7.41936 0.161291
72 7.58064 0.161291
53 7.74194 0.483871
69 7.74194 0.161291
65 7.90323 0.161291
72 8.06451 0.161291
53 8.22581 0.483871
69 8.22581 0.161291
65 8.3871 0.161291
77 8.54838 0.161291
58 8.70968 0.483871
74 8.70968 0.161291
70 8.87097 0.161291
74 9.03225 0.161291
55 9.19355 0.483871
70 9.19355 0.161291
67 9.35484 0.161291
79 9.51613 0.161291
60 9.67742 0.483871
76 9.67742 0.161291
72 9.83874 0.161291
76 9.99997 0.161291
57 10.1613 0.483871
72 10.1613 0.161291
69 10.3226 0.161291
81 10.4838 0.161291
62 10.6452 0.483871
77 10.6452 0.161291
74 10.8065 0.161291
77 10.9677 0.161291
50 11.129 0.483871
74 11.129 0.161291
70 11.2904 0.161291
82 11.4516 0.161291
52 11.6129 0.483871
79 11.6129 0.161291
76 11.7742 0.161291
79 11.9355 0.161291
48 12.0968 0.483871
76 12.0968 0.161291
72 12.2581 0.161291
84 12.4193 0.161291
53 12.5806 0.483871
81 12.5806 0.161291
77 12.742 0.161291
81 12.9032 0.161291
52 13.0645 0.483871
77 13.0645 0.161291
72 13.2258 0.161291
81 13.3871 0.161291
50 13.5484 0.483871
77 13.5484 0.161291
74 13.7097 0.161291
77 13.8709 0.161291
48 14.0323 0.483871
74 14.0323 0.161291
69 14.1936 0.161291
77 14.3548 0.161291
46 14.5161 0.483871
74 14.5161 0.161291
70 14.6775 0.161291
74 14.8387 0.161291
45 15 0.483871
70 15 0.161291
65 15.1613 0.161291
74 15.3225 0.161291
43 15.4839 0.483871
70 15.4839 0.161291
67 15.6452 0.161291
70 15.8064 0.161291
41 15.9677 0.483871
67 15.9677 0.161291
62 16.1291 0.161291
70 16.2903 0.161291
40 16.4516 0.483871
67 16.4516 0.161291
60 16.6129 0.161291
70 16.7742 0.161291
36 16.9355 0.483871
67 16.9355 0.161291
64 17.0968 0.161291
70 17.258 0.161291
41 17.4194 0.483871
69 17.4194 0.161291
65 17.5807 0.161291
69 17.7419 0.161291
45 17.9032 0.483871
65 17.9032 0.161291
60 18.0645 0.161291
65 18.2258 0.161291
46 18.3871 0.483871
62 18.3871 0.161291
58 18.5484 0.161291
65 18.7096 0.161291
48 18.871 0.483871
60 18.871 0.161291
58 19.0323 0.161291
64 19.1935 0.161291
41 19.3548 0.967742
60 19.3548 0.161291
57 19.5162 0.161291
65 19.6774 0.161291
60 19.8387 0.161291
57 20 0.161291
60 20.1613 0.161291
57 20.3226 0.161291
53 20.4839 0.161291
60 20.6451 0.161291
51 20.8065 0.483871
57 20.8065 0.161291
53 20.9678 0.161291
60 21.129 0.161291
50 21.2903 0.483871
57 21.2903 0.161291
54 21.4516 0.161291
60 21.6129 0.161291
48 21.7742 0.483871
57 21.7742 0.161291
54 21.9355 0.161291
63 22.0967 0.161291
46 22.2581 0.483871
57 22.2581 0.161291
54 22.4194 0.161291
62 22.5806 0.161291
45 22.7419 0.483871
57 22.7419 0.161291
54 22.9033 0.161291
60 23.0645 0.161291
43 23.2258 0.483871
58 23.2258 0.161291
55 23.3871 0.161291
62 23.5484 0.161291
46 23.7097 0.483871
58 23.7097 0.161291
55 23.871 0.161291
62 24.0322 0.161291
48 24.1935 0.483871
58 24.1935 0.161291
55 24.3549 0.161291
64 24.5161 0.161291
50 24.6774 0.483871
58 24.6774 0.161291
55 24.8387 0.161291
66 25 0.161291
51 25.1613 0.483871
58 25.1613 0.161291
55 25.3226 0.161291
67 25.4838 0.161291
46 25.6452 0.483871
62 25.6452 0.161291
58 25.8065 0.161291
67 25.9677 0.161291
48 26.129 0.483871
63 26.129 0.161291
57 26.2904 0.161291
67 26.4516 0.161291
50 26.6129 0.483871
62 26.6129 0.161291
57 26.7742 0.161291
66 26.9355 0.161291
43 27.0968 0.967742
62 27.0968 0.161291
58 27.2581 0.161291
67 27.4193 0.161291
62 27.5806 0.161291
58 27.742 0.161291
62 27.9032 0.161291
58 28.0645 0.161291
55 28.2258 0.161291
62 28.3871 0.161291
53 28.5484 0.483871
58 28.5484 0.161291
55 28.7097 0.161291
62 28.8709 0.161291
52 29.0323 0.483871
59 29.0323 0.161291
56 29.1936 0.161291
62 29.3548 0.161291
50 29.5161 0.483871
59 29.5161 0.161291
56 29.6775 0.161291
65 29.8387 0.161291
48 30 0.483871
59 30 0.161291
56 30.1613 0.161291
64 30.3225 0.161291
47 30.4839 0.483871
59 30.4839 0.161291
56 30.6452 0.161291
62 30.8064 0.161291
45 30.9677 0.483871
60 30.9677 0.161291
57 31.1291 0.161291
64 31.2903 0.161291
48 31.4516 0.483871
60 31.4516 0.161291
57 31.6129 0.161291
64 31.7742 0.161291
50 31.9355 0.483871
60 31.9355 0.161291
57 32.0968 0.161291
66 32.258 0.161291
52 32.4194 0.483871
60 32.4194 0.161291
57 32.5807 0.161291
68 32.7419 0.161291
53 32.9032 0.483871
60 32.9032 0.161291
57 33.0645 0.161291
69 33.2258 0.161291
48 33.3871 0.483871
64 33.3871 0.161291
60 33.5484 0.161291
69 33.7096 0.161291
50 33.871 0.483871
65 33.871 0.161291
59 34.0323 0.161291
69 34.1935 0.161291
52 34.3548 0.483871
64 34.3548 0.161291
59 34.5162 0.161291
68 34.6774 0.161291
45 34.8387 0.483871
64 34.8387 0.161291
60 35 0.161291
69 35.1613 0.161291
57 35.3226 0.483871
64 35.3226 0.161291
60 35.4839 0.161291
72 35.6451 0.161291
57 35.8065 0.483871
65 35.8065 0.161291
62 35.9678 0.161291
70 36.129 0.161291
55 36.2903 0.483871
67 36.2903 0.161291
64 36.4516 0.161291
70 36.6129 0.161291
53 36.7742 0.483871
69 36.7742 0.161291
65 36.9355 0.161291
69 37.0967 0.161291
41 37.2581 0.483871
60 37.2581 0.161291
57 37.4194 0.161291
69 37.5806 0.161291
41 37.7419 0.483871
62 37.7419 0.161291
59 37.9033 0.161291
67 38.0645 0.161291
40 38.2258 0.483871
64 38.2258 0.161291
61 38.3871 0.161291
67 38.5484 0.161291
38 38.7097 0.483871
65 38.7097 0.161291
62 38.871 0.161291
74 39.0322 0.161291
50 39.1935 0.483871
69 39.1935 0.161291
65 39.3549 0.161291
77 39.5161 0.161291
50 39.6774 0.483871
70 39.6774 0.161291
67 39.8387 0.161291
75 40 0.161291
48 40.1613 0.483871
72 40.1613 0.161291
69 40.3226 0.161291
75 40.4838 0.161291
46 40.6452 0.483871
74 40.6452 0.161291
70 40.8065 0.161291
74 40.9677 0.161291
58 41.129 0.483871
65 41.129 0.161291
62 41.2904 0.161291
74 41.4516 0.161291
58 41.6129 0.483871
67 41.6129 0.161291
64 41.7742 0.161291
72 41.9355 0.161291
57 42.0968 0.483871
69 42.0968 0.161291
66 42.2581 0.161291
72 42.4193 0.161291
55 42.5806 0.967742
70 42.5806 0.161291
67 42.742 0.161291
74 42.9032 0.161291
70 43.0645 0.161291
67 43.2258 0.161291
79 43.3871 0.161291
75 43.5484 0.161291
67 43.7097 0.161291
79 43.8709 0.161291
58 44.0323 0.483871
74 44.0323 0.161291
67 44.1936 0.161291
79 44.3548 0.161291
57 44.5161 0.483871
73 44.5161 0.161291
69 44.6775 0.161291
79 44.8387 0.161291
55 45 0.483871
76 45 0.161291
73 45.1613 0.161291
82 45.3225 0.161291
53 45.4839 0.483871
76 45.4839 0.161291
73 45.6452 0.161291
81 45.8064 0.161291
52 45.9677 0.483871
76 45.9677 0.161291
73 46.1291 0.161291
79 46.2903 0.161291
50 46.4516 0.483871
77 46.4516 0.161291
74 46.6129 0.161291
69 46.7742 0.161291
53 46.9355 0.483871
65 46.9355 0.161291
62 47.0968 0.161291
69 47.258 0.161291
55 47.4194 0.483871
65 47.4194 0.161291
62 47.5807 0.161291
71 47.7419 0.161291
57 47.9032 0.483871
65 47.9032 0.161291
62 48.0645 0.161291
73 48.2258 0.161291
58 48.3871 0.483871
65 48.3871 0.161291
62 48.5484 0.161291
74 48.7096 0.161291
53 48.871 0.483871
65 48.871 0.161291
62 49.0323 0.161291
69 49.1935 0.161291
55 49.3548 0.483871
65 49.3548 0.161291
62 49.5162 0.161291
70 49.6774 0.161291
57 49.8387 0.483871
64 49.8387 0.161291
61 50 0.161291
69 50.1613 0.161291
46 50.3226 0.483871
64 50.3226 0.161291
61 50.4839 0.161291
67 50.6451 0.161291
41 50.8065 0.483871
62 50.8065 0.161291
57 50.9678 0.161291
65 51.129 0.161291
43 51.2903 0.483871
62 51.2903 0.161291
58 51.4516 0.161291
64 51.6129 0.161291
45 51.7742 0.483871
60 51.7742 0.161291
53 51.9355 0.161291
63 52.0967 0.161291
46 52.2581 0.483871
58 52.2581 0.161291
53 52.4194 0.161291
62 52.5806 0.161291
41 52.7419 0.483871
57 52.7419 0.161291
53 52.9033 0.161291
62 53.0645 0.161291
43 53.2258 0.483871
58 53.2258 0.161291
52 53.3871 0.161291
62 53.5484 0.161291
45 53.7097 0.483871
57 53.7097 0.161291
52 53.871 0.161291
61 54.0322 0.161291
38 54.1935 1.61291
57 54.1935 0.161291
54 54.3549 0.161291
57 54.5161 0.161291
60 54.6774 0.161291
57 54.8387 0.161291
60 55 0.161291
63 55.1613 0.161291
60 55.3226 0.161291
63 55.4838 0.161291
66 55.6452 0.483871
42 55.8065 0.161291
45 55.9677 0.161291
50 56.129 1.61291
58 56.129 0.161291
55 56.2904 0.161291
58 56.4516 0.161291
62 56.6129 0.161291
58 56.7742 0.161291
62 56.9355 0.161291
67 57.0968 0.161291
62 57.2581 0.161291
67 57.4193 0.161291
70 57.5806 0.645162
55 57.742 0.161291
58 57.9032 0.161291
61 58.0645 0.483871
67 58.2258 0.161291
76 58.3871 0.161291
50 58.5484 0.483871
70 58.5484 0.161291
67 58.7097 0.161291
79 58.8709 0.161291
61 59.0323 0.483871
70 59.0323 0.161291
67 59.1936 0.161291
76 59.3548 0.161291
50 59.5161 0.483871
70 59.5161 0.161291
67 59.6775 0.161291
73 59.8387 0.161291
61 60 0.483871
70 60 0.161291
67 60.1613 0.161291
76 60.3225 0.161291
50 60.4839 0.483871
70 60.4839 0.161291
67 60.6452 0.161291
79 60.8064 0.161291
61 60.9677 0.483871
70 60.9677 0.161291
67 61.1291 0.161291
76 61.2903 0.161291
50 61.4516 0.483871
70 61.4516 0.161291
67 61.6129 0.161291
73 61.7742 0.161291
60 61.9355 0.483871
69 61.9355 0.161291
66 62.0968 0.161291
74 62.258 0.161291
50 62.4194 0.483871
69 62.4194 0.161291
66 62.5807 0.161291
75 62.7419 0.161291
60 62.9032 0.483871
69 62.9032 0.161291
66 63.0645 0.161291
74 63.2258 0.161291
50 63.3871 0.483871
69 63.3871 0.161291
66 63.5484 0.161291
72 63.7096 0.161291
60 63.871 0.483871
69 63.871 0.161291
66 64.0323 0.161291
74 64.1935 0.161291
50 64.3548 0.483871
69 64.3548 0.161291
66 64.5162 0.161291
75 64.6774 0.161291
60 64.8387 0.483871
69 64.8387 0.161291
66 65 0.161291
74 65.1613 0.161291
50 65.3226 0.483871
69 65.3226 0.161291
66 65.4839 0.161291
72 65.6451 0.161291
58 65.8065 0.483871
67 65.8065 0.161291
62 65.9678 0.161291
67 66.129 0.161291
50 66.2903 0.483871
70 66.2903 0.161291
67 66.4516 0.161291
70 66.6129 0.161291
58 66.7742 0.483871
74 66.7742 0.161291
70 66.9355 0.161291
74 67.0967 0.161291
50 67.2581 0.483871
79 67.2581 0.161291
74 67.4194 0.161291
79 67.5806 0.161291
55 67.7419 0.483871
82 67.7419 0.161291
81 67.9033 0.161291
79 68.0645 0.161291
50 68.2258 0.483871
77 68.2258 0.161291
76 68.3871 0.161291
74 68.5484 0.161291
55 68.7097 0.483871
73 68.7097 0.161291
69 68.871 0.161291
73 69.0322 0.161291
50 69.1935 0.483871
76 69.1935 0.161291
73 69.3549 0.161291
76 69.5161 0.161291
52 69.6774 0.483871
79 69.6774 0.161291
76 69.8387 0.161291
74 70 0.161291
50 70.1613 0.483871
73 70.1613 0.161291
71 70.3226 0.161291
69 70.4838 0.161291
52 70.6452 0.483871
67 70.6452 0.161291
64 70.8065 0.161291
67 70.9677 0.161291
50 71.129 0.483871
70 71.129 0.161291
67 71.2904 0.161291
70 71.4516 0.161291
52 71.6129 0.483871
73 71.6129 0.161291
67 71.7742 0.161291
76 71.9355 0.161291
50 72.0968 0.483871
73 72.0968 0.161291
70 72.2581 0.161291
76 72.4193 0.161291
52 72.5806 0.483871
73 72.5806 0.161291
69 72.742 0.161291
76 72.9032 0.161291
50 73.0645 0.483871
73 73.0645 0.161291
67 73.2258 0.161291
76 73.3871 0.161291
54 73.5484 0.483871
72 73.5484 0.161291
69 73.7097 0.161291
74 73.8709 0.161291
50 74.0323 0.483871
70 74.0323 0.161291
67 74.1936 0.161291
75 74.3548 0.161291
54 74.5161 0.483871
69 74.5161 0.161291
66 74.6775 0.161291
74 74.8387 0.161291
50 75 4.35484
69 75 0.161291
66 75.1613 0.161291
72 75.3225 0.161291
55 75.4839 0.483871
67 75.4839 0.161291
62 75.6452 0.161291
70 75.8064 0.161291
57 75.9677 0.483871
67 75.9677 0.161291
65 76.1291 0.161291
70 76.2903 0.161291
55 76.4516 0.483871
67 76.4516 0.161291
63 76.6129 0.161291
70 76.7742 0.161291
53 76.9355 0.483871
67 76.9355 0.161291
62 77.0968 0.161291
70 77.258 0.161291
52 77.4194 0.483871
67 77.4194 0.161291
61 77.5807 0.161291
70 77.7419 0.161291
55 77.9032 0.483871
64 77.9032 0.161291
61 78.0645 0.161291
70 78.2258 0.161291
53 78.3871 0.483871
64 78.3871 0.161291
61 78.5484 0.161291
69 78.7096 0.161291
52 78.871 0.483871
64 78.871 0.161291
61 79.0323 0.161291
67 79.1935 0.161291
44 79.3548 1.45161
50 79.3548 0.483871
62 79.3548 0.161291
59 79.5162 0.161291
65 79.6774 0.161291
52 79.8387 0.483871
62 79.8387 0.161291
61 80 0.161291
65 80.1613 0.161291
53 80.3226 0.967742
62 80.3226 0.161291
59 80.4839 0.161291
65 80.6451 0.161291
45 80.8065 0.483871
62 80.8065 0.161291
57 80.9678 0.161291
65 81.129 0.161291
46 81.2903 1.93548
52 81.2903 0.483871
61 81.2903 0.161291
57 81.4516 0.161291
64 81.6129 0.161291
55 81.7742 0.483871
61 81.7742 0.161291
58 81.9355 0.161291
64 82.0967 0.161291
53 82.2581 0.483871
61 82.2581 0.161291
57 82.4194 0.161291
64 82.5806 0.161291
52 82.7419 0.483871
61 82.7419 0.161291
55 82.9033 0.161291
64 83.0645 0.161291
47 83.2258 1.45161
53 83.2258 0.483871
59 83.2258 0.161291
56 83.3871 0.161291
62 83.5484 0.161291
52 83.7097 0.483871
61 83.7097 0.161291
56 83.871 0.161291
64 84.0322 0.161291
53 84.1935 0.645162
62 84.1935 0.161291
56 84.3549 0.161291
65 84.5161 0.161291
46 84.6774 0.483871
55 84.6774 0.645162
52 84.8387 0.161291
50 85 0.161291
45 85.1613 1.61291
49 85.1613 0.483871
52 85.3226 0.161291
55 85.4838 0.161291
52 85.6452 0.483871
61 85.6452 0.161291
55 85.8065 0.161291
61 85.9677 0.161291
55 86.129 0.483871
64 86.129 0.161291
61 86.2904 0.161291
64 86.4516 0.161291
58 86.6129 0.483871
67 86.6129 0.483871
49 86.7742 0.161291
52 86.9355 0.161291
57 87.0968 0.483871
57 87.0968 1.61291
65 87.0968 0.161291
62 87.2581 0.161291
65 87.4193 0.161291
62 87.5806 0.483871
69 87.5806 0.161291
65 87.742 0.161291
69 87.9032 0.161291
65 88.0645 0.483871
74 88.0645 0.161291
69 88.2258 0.161291
74 88.3871 0.161291
69 88.5484 0.483871
77 88.5484 0.645162
62 88.7097 0.161291
65 88.8709 0.161291
68 89.0323 0.483871
71 89.1936 0.161291
74 89.3548 0.161291
77 89.5161 0.161291
74 89.6775 0.161291
77 89.8387 0.161291
80 90 0.161291
77 90.1613 0.161291
80 90.3225 0.161291
83 90.4839 0.161291
80 90.6452 0.161291
77 90.8064 0.161291
82 90.9677 0.161291
79 91.1291 0.161291
76 91.2903 0.161291
81 91.4516 0.161291
78 91.6129 0.161291
75 91.7742 0.161291
80 91.9355 0.161291
77 92.0968 0.161291
74 92.258 0.161291
79 92.4194 0.161291
76 92.5807 0.161291
73 92.7419 0.161291
78 92.9032 0.161291
75 93.0645 0.161291
72 93.2258 0.161291
77 93.3871 0.161291
74 93.5484 0.161291
71 93.7096 0.161291
76 93.871 0.161291
73 94.0323 0.161291
70 94.1935 0.161291
75 94.3548 0.161291
72 94.5162 0.161291
69 94.6774 0.161291
74 94.8387 4.14258
47 96.0387 1.36364
50 96.0387 1.36364
53 96.0387 1.36364
56 96.0387 1.36364
62 96.0387 1.36364
65 96.0387 1.36364
68 96.0387 1.36364
71 96.0387 1.36364
45 97.4023 3.45395
50 97.4023 1.57895
53 97.4023 1.57895
57 97.4023 3.45395
62 97.4023 1.57895
65 97.4023 1.57895
69 97.4023 3.45395
52 98.9813 1.875
64 98.9813 1.875
67 98.9813 1.875
73 98.9813 1.875
73 98.9813 1.875
38 100.856 4.61538
50 100.856 4.61538
62 100.856 4.61538
66 100.856 4.61538
69 100.856 4.61538
74 100.856 4.61538
74 100.856 4.61538
